pd 
0.0007858019855506887 0.0008428697421717931 0.0017130219145062601 0.0013710126213438809 0.00048156081018252954 0.003054778703122373 0.00797395171653691 0.004024206572546367 0.005871195869847731 0.0031663601395106366 0.009102319514925149 0.0071262907380752714 0.007237959455592466 0.015471429103586846 0.009103742600622373 0.018287727928621687 0.009451656380080999 0.015241706244388387 0.01756990953051373 0.018215969614421373 0.01973191102701108 0.01077071381196606 0.016079857356903277 0.016577983324215298 0.014420451905532742 0.01684517644386581 0.018210609621807382 0.01791071728036908 0.03297666817922674 0.02082170027455789 0.02556632225718052 0.02667192933590534 0.024799972883656287 0.028891912012026073 0.027112201740966183 0.02918605431231479 0.03971869850072299 0.02778032846035484 0.030070921817702413 0.03853045270923389 0.026325377046960818 0.03445152598633629 0.03690484084755005 0.0342139111132452 0.03779829206792834 0.03552619214736911 0.04080423857379283 0.04256707993719391 0.033563870092438844 0.0390766177455183

pz_d 
0.4164881996733671 0.02274521662042499 0.1017038601791894 0.023182924549655304 0.09775550332516347 0.07423295228298298 0.17325284416292888 0.0018252545276097032 1.0354709346721172e-05 0.08880288996933146
0.43342294968095946 0.08717414185601488 0.06254727855906099 0.033216125714632005 0.07125038526148522 0.12180000182534459 0.05311691329933367 0.021512029413831596 0.11570776419789619 0.0002524101914411949
0.5136115054165596 0.050869573649405114 0.1223078607821126 0.021700492975645802 4.311367984714743e-14 0.0615896354943022 0.032880273882043475 0.10809374805002894 0.007331301225970839 0.08161560852388815
0.5723738218280279 0.02971325246206525 0.04569655453199028 0.0030068276679201997 0.05186828846942863 0.014090877818801091 0.02635212285229698 0.04867257622048265 0.1509310914714682 0.057294586677518876
0.5289798124907931 0.050885127344342355 0.012984495543291398 0.07686048528046355 0.005205103040804891 0.06945298536639043 0.08606352772636636 0.0983710077002106 0.04164121419688464 0.029556241310452598
0.10419210470446844 0.4033493754483124 0.03972357923495338 0.09515136958631065 0.02981752507414556 0.13707472512867883 0.051025017097823665 0.09620533454429693 0.02415307567736121 0.019307893503649223
0.03397802656977835 0.44311976360438743 0.01745138697325934 0.09646769322807798 0.0314795827389958 0.14367418398497034 0.014237473328043438 0.009287118019767658 0.061643673434484174 0.14866109811823539
0.0550273416086993 0.4047962298317694 0.08871367369363689 0.040805779167004376 0.10404046113758163 2.515686286238919e-17 0.1078286948602269 0.09390909219330927 0.019780166021120454 0.0850985614866521
0.02172403440521963 0.559279348303511 0.08191036624236889 0.01899130761218869 0.059791995489570364 0.11009836637610736 0.09616009989902655 0.04329668162379398 6.178350589067831e-13 0.008747800047595884
0.08597976076229358 0.4557476574427853 0.03217675742239364 0.04930656339898451 0.00012289802149353018 0.10414238790903668 0.08062420347945332 0.05415132442159142 0.08391629459946853 0.05383215254249954
0.007752496522253666 0.045396877142052636 0.38904098992155134 0.09870591737652125 0.1278239899086844 0.06408064074687927 0.0099249845363854 1.3492528210485365e-11 0.2520775336495399 0.00519657018263955
0.14257640477918107 0.043542522075732476 0.35596154756826487 0.031520135283017274 0.1292178795630284 0.17499435770221947 0.008474360402673183 4.807076350391582e-14 0.05028000002491355 0.0634327926009216
0.015607369358546029 0.057250973945650145 0.49577877653971086 0.06937825996150045 0.038234032978139924 0.1070861453350379 0.06503671671927748 0.02687951389805309 0.12306414541316114 0.0016840658509231228
0.0009266260252311926 0.013310803890029378 0.4330542744220896 0.05912238849057889 0.04142687144974914 0.1751319909284864 0.0621750238221888 0.0011343718055236223 0.10122311893899806 0.11249453022712487
0.11833139738122775 0.04045381467812064 0.440037269010439 0.09443557879688656 0.0968194856617087 0.07343357134982526 0.06355695108792475 0.003286450769051088 0.05702324545316409 0.012622235811652078
0.00577589639552933 0.016520453001796907 0.017839944888738576 0.7380792386416948 0.11239298372897549 0.015164650830949488 0.035431138742737504 0.03618799123036413 6.15046821438224e-05 0.022546197857069943
0.008583726101400915 0.05319917957452379 0.002340765377174891 0.4004928709521998 0.040445210378336774 0.09926151805266811 0.08851394072878602 0.02574642828476707 0.06029382206882573 0.22112253848131705
0.08957260435728463 0.08811766335158912 0.0703000658098584 0.5276305784310573 0.07468226098947715 0.06889590568925696 0.0001540026771969313 0.024730499911455497 0.0007903438870906375 0.055126074895733485
0.053628729355369074 0.06507937663741438 0.058467003156211984 0.4916736147737461 0.06420463146506704 0.025631933437761673 0.07814049222035974 0.02830344823235996 0.06714789988386413 0.0677228708378458
0.038310302235516375 0.267937566345901 0.041426239149669176 0.48845585337011893 0.016165513118613462 0.000991950828398607 0.012731046910174956 0.03732152756108252 0.06736956010137639 0.029290440379148727
0.005178396947513857 0.05248569246474637 0.08538747676125315 0.05227069125535966 0.5225858832311983 0.10364638715444414 0.06008554940945474 0.007325737481166756 0.038184839561539195 0.07284934573332387
0.006956156983035348 0.09255716868477859 0.11967318900264905 0.030715022121754143 0.4571297639520778 0.1325408658821234 0.02673454985340686 0.09436508334299454 0.039092488843302756 0.00023571133387759137
0.04879147729588262 0.07189300122280072 0.048411377903779834 0.0899378343049535 0.4485545221737623 0.0758150955177717 0.015324786086495531 0.1416681035871762 0.013692268628817218 0.04591153327856022
0.24095236878590773 0.03671746016891809 0.010842113305146001 0.008934644803854766 0.5015159174474492 0.023089918989584467 0.10450408808495665 0.00015192347195736565 0.044604069838913 0.028687495103312786
0.1310430664042823 0.041877292832859965 0.049625345408624094 0.03750279443830073 0.5473103165829364 0.04479506056242395 0.08307819682807092 0.0002913189171598769 0.06447652166585333 8.635948846240042e-08
0.05563588393288262 0.0369002922294479 0.05603858465654958 0.15912578224990415 0.02175259489717128 0.47155999714262675 0.0039555260577731136 0.09915941892569413 0.035373822501617566 0.06049809740633274
0.06449809918782128 0.0658791560154527 0.08505638643709479 0.005844631298935387 0.048623771630848134 0.478288467409904 0.03469210114991304 0.04826110026122477 0.09473806746719667 0.0741182191416092
0.06109964569508314 0.0036532340553501715 0.015122709216069573 0.016640431096835627 0.055568764640126354 0.6053226664331974 0.09880121000444908 0.09507967800006918 1.638892458587274e-06 0.0487100219663608
0.008767133778852456 0.06808482132827273 0.1067810878049237 0.08351444150159543 0.0002706668238410888 0.4840698621027648 0.05193091486858849 0.060390714058689204 0.05193373719345597 0.08425662053901599
0.005631225225789751 0.11828479647991397 0.04738369569884628 0.026497420350122015 0.0030689723630229586 0.42589622280989287 0.14996769577746294 0.0454369058394683 0.057747078907767604 0.12008598654771326
0.0676481724335092 0.07312478067692907 0.1486472102832574 0.12581237565708664 0.04792341211236632 0.04265545233926834 0.32175658404805546 0.03732863050696417 0.05439638480755258 0.08070699713501071
0.09810480364053192 0.01631234549018826 0.05352166787855155 0.05194896727465038 0.003774235417138705 0.15186835258677855 0.3872712615878969 0.10165031355072407 0.09937065114993184 0.03617740142360788
0.16881220148713075 0.021871528765655287 0.008248732220032513 0.040519942738096344 0.007977161571663345 0.047150550169165875 0.6404884259041189 0.006584868048739312 0.03173678688614466 0.0266098022092531
0.0014359714894891396 9.477039102283565e-05 0.010777307559206356 0.010700367206126361 0.02260797393973232 0.13592086850974308 0.4503715102274216 0.0737535931028857 0.14661187655578786 0.14772576101858467
0.04344819196566343 0.024546913998678838 0.05924646802074847 0.09016168397174086 0.02163414597763175 0.03998363589430816 0.5960721112300946 0.06186004619831367 0.043001682828410076 0.02004511991440993
0.10103321568910055 0.012726672319337357 0.17233255455047528 0.08269396724495501 0.055075915392736464 0.006887427208779947 0.03897174890173663 0.4709250442131699 0.0492117127237563 0.010141741755952829
0.11642898095182472 0.0453038236871314 0.09571023598040677 0.005671571106531284 0.07091073007112907 0.04271979265625316 0.05567159927134962 0.47735243297603913 0.03822687920502002 0.05200395409431476
0.004658681600984383 0.043251227409876206 0.07719142974636722 0.00010589049482045102 0.08213395427247194 0.06353226680833564 0.08225875846729316 0.4885983825590579 0.05280964557655085 0.10545976306424219
0.08019416174753949 8.058837206496344e-06 0.012463207074891533 0.02518327171124112 0.0069329012341460385 0.14878847376367293 0.07551912287659863 0.5445089902601843 0.0465466907595041 0.05985512173501522
0.0411245423649946 0.016772315814321547 0.06696582989708773 0.010905430817027389 0.002600292439766494 0.02738773104495025 0.033129635339011684 0.709314721146663 0.014058783889484314 0.07774071724669304
0.04181404988946828 0.05765143027396272 0.03404572429023854 0.06319557493433646 0.11815586146513198 0.018701055807562043 0.041219955838370625 0.06034689833958954 0.4936240248534615 0.07124542430787824
0.10886796243822218 0.009023040093613256 0.03453663883550649 0.0009289999393900363 0.0792408410318654 0.19352464562148605 8.346275334286074e-06 0.04355605359737866 0.3677636677594919 0.1625498044077117
0.0021026157941953743 0.07708903753488144 0.1554882544415034 0.0011263719264032399 1.038881811852943e-07 0.06439562546538719 4.726186966291841e-11 0.0541193202645627 0.5675704505463416 0.07810822009128195
0.014717715977314291 0.13559954292923945 0.07502667295127691 7.889126202263861e-05 0.010367238119653262 0.0011778553298058421 0.14750868280831486 0.0954425862047648 0.4399244649696264 0.0801563494479814
0.06121637988274434 0.025345646286617028 0.009698421743219192 0.137852163954425 0.04479284219076652 0.07299273247246489 0.049730166068822586 0.02067539633354874 0.5479904825823784 0.029705768485013325
0.07153364424907808 0.0967532514650586 0.09397598310587207 0.006321991294999827 0.08336735904931175 0.0018802180629684552 0.03955008238964595 0.0032127099151987807 0.02877945983745821 0.5746253006304084
0.04425404554016372 0.0014533421931868776 0.0022218622460247798 0.04755579829197085 0.1195384419555126 0.0954595412216502 0.04081750531562283 0.08890108756122132 0.07198467866400035 0.4878136970106465
0.006980826708844991 0.06375436647235865 0.09685117409812924 0.10174232875773553 1.0104530599640217e-09 0.14662963001044627 0.0020055721844059113 0.06762526128492356 0.1082650725486892 0.4061457669240136
0.004866579950640598 0.043159990055638205 1.3480841026614365e-05 0.0694448660218698 1.5006735606640633e-06 0.04483562147381151 0.16420092021012817 0.01267356033867633 0.0441293266512044 0.6166741537834437
0.15195466171724512 0.008271891918884307 0.025558606511129265 0.016415935818135576 0.014823415446906235 0.10729072488079751 0.10065851990155923 0.019828213975664526 0.04181174630274686 0.5133862835269314
end

phi 
0.02358982125301249 0.023039679691711532 0.01961438442000212 0.019872470502912982 0.028252590922513816 0.018596768210837705 0.022536699396084547 0.021491721846773077 0.023836680199877724 0.02859541853260656 0.021897365802331554 0.03624306907082644 0.021458908004834885 0.02228713006077514 0.01724629899223997 0.02377701480260965 0.02639049467389977 0.02532476129525236 0.03312363205726163 0.018615861823986644 0.021026323483427912 0.0033809355658457013 0.005817619216706622 0.004446902787806983 0.0016224691092471917 0.00230093339456622 0.002968387532554251 0.0007817547854345366 8.511835013388566e-06 0.002799036877665407 0.005253311223068209 0.0026168797213429813 0.0006090699532991161 7.31604565974486e-05 0.004342160450476111 0.005364734217114126 0.0014776107612489194 0.006633254138342454 3.2106265279030713e-07 0.005468386269142284 0.00493974835162628 7.603405954971853e-05 8.479408307559304e-05 0.0013167318108887687 0.005651424566924046 0.0031227398649207737 0.0013331474030601296 0.002999303362141337 3.5786542608296775e-06 0.0001604921566996827 0.0003240429487678271 0.003820702767370367 2.0845706017706444e-09 0.003443117144322516 0.0024367858951094604 0.0007709459848232302 0.0005066565281161519 0.0030129681617247057 0.0056816022312950985 0.0012615236130767717 0.0011236211249482143 0.0025435297445762575 0.00012100896859563469 0.0056823357705070715 0.004199471242696788 0.001102307223158872 0.0023079292222269064 0.0014066155838473066 0.00010299824944598137 0.0027001028534019995 0.0013176407438648728 2.3208352514673013e-10 0.00012525944396793963 0.0014034070083519192 0.005560005709705717 0.0070186850977405485 0.002029999330970626 0.005879564403088583 0.0006374368531541164 0.0005815413007500119 0.0012483132863790423 0.005140222170550285 0.0003558629807776093 0.0014911174076852585 0.004333917823739629 0.0020059398978551227 0.0006773433037395423 0.005139880954043767 7.005889759892287e-11 1.0390948459515437e-05 0.0001873683950107204 0.0025190252314676517 0.00134527068979407 0.001973507015415623 0.0012724616709201431 0.0003869215888168153 0.0009600021511167624 0.0019762775484157944 0.0010886925865282785 0.001575684654038707 0.0004315040012997215 0.0014442634263263292 0.003154421814073019 0.00026369137149056805 0.0005414617332111416 0.007384701034668535 4.727244822862646e-05 0.008108827294908057 0.006142889618897657 0.0026647589552145105 0.0054944026792939854 0.005253990772919826 0.0030648035565731093 0.002963632275092077 1.8404951923685918e-08 2.8550363571412976e-06 0.008287080681115715 0.005694698939894769 0.0014911763234890171 0.0028778020795745037 0.0030600942221202998 4.097248176664583e-05 7.346699607440986e-05 0.0009643423810067817 0.0012410447714382709 0.00109007397596818 9.75815174831283e-06 0.0047693808080707485 0.006149205484319057 0.0025420683110364472 0.0033682706763448434 0.0003765774083850428 0.004862725524421304 0.0015965489589727438 0.0020593406144943484 0.005884516953062291 0.00021657839449633625 0.0064011995774300185 0.001394444058501247 0.003401898137763135 0.00213018874879828 8.202069965676368e-08 0.0014329807955429353 0.00042207711548414295 0.0026534453584876076 0.0007663467447276218 0.0011685876127170093 0.0043877617035563855 0.001434196369254509 0.0018180612953609073 0.004419669828883093 0.0006514294651028216 0.004516287162126244 0.004637338421549038 0.007488063559126842 0.0021624442438456736 0.0019552237515092228 0.0005973344841612436 0.0008080945578594481 0.0005966482268229977 0.0011843400826477037 0.008495230080370572 0.001578642854276807 0.0022981208750696186 0.0005121265537188376 0.0031521771487230967 0.007111414360455865 0.0013956656345322854 0.004465588648890225 5.41341335366412e-05 0.0014593350537630573 0.0014887267414570651 0.0024263432844216695 0.0038742801925129304 0.0006820596053286595 0.006984157985082322 0.005704834545124788 0.0059904595452130996 0.007529484468300467 0.005742460100374629 0.002199654584484156 1.3997264056603875e-05 0.0031467818021499727 0.0008226854328470356 0.0072636701386393785 0.003737798030615773 2.674212008871364e-07 0.007879509755684423 0.000256566715017881 0.0034001396861757004 0.0025181833309791536 0.0016524121567035558 0.0010954035109922051 0.005666271331816468 0.003737984932927796 0.0028488284197794637 0.006615917137337164 1.528735667593412e-05 0.004482743572502737 0.003916477247998013 0.0027803806674968207 0.010843489348317335 0.0030390519153587234 0.00026834036958621113 0.0009550530708473516 0.006793943174124623 0.004813902153162366 0.0013449867442435278 0.0011086709440828735 0.0025284615336560986
0.00419650390081172 0.0029351001433546133 0.0002850895710609413 0.0022992320313836375 0.004435589613102332 0.004402263892109231 0.0012584348239897242 0.0002022434251355693 6.767732756371358e-05 0.0003632661752121511 1.3099484844534146e-13 0.00023577113220475974 0.004399817913019889 0.001553927729904118 0.002280778559478014 0.0061309798766878655 0.004592909878705269 0.002162980259587882 0.005160351514078579 3.2849080351364726e-10 0.0024009919609191 0.032877621148494934 0.027521101218941108 0.01917858082523394 0.02852399404205086 0.021318891938553113 0.026946212751298097 0.022862722400945727 0.035912479475071035 0.015155508512404487 0.024312100499372102 0.022103993200563284 0.01885368909303849 0.018588602380652783 0.015341612063528942 0.024866400728712452 0.026408578735059453 0.0189635195689322 0.024991573962437716 0.029611081932045414 0.01921672433248032 0.02233868436652554 0.001737658702113478 0.001149995610987391 0.0012015219131787957 0.0037905202483040183 0.00010455001052493815 0.0017259256156546216 1.3993119174198351e-18 1.0095185079777832e-05 0.005511391973821852 5.836695234786273e-05 0.0032172124809530544 0.007854877096632273 0.0017943507938947838 0.0073291141905520284 0.003682750533028951 0.00038541654736356005 0.0005193351900484657 0.0073789302031016715 0.0031009326856776456 0.0028591731181076174 0.001362290432568571 0.004620360254227101 0.002082144283635668 0.001993306828816375 0.002012497896734956 0.007576032755258379 0.0015940863617402324 0.0023234511501421173 0.0011628223784021898 0.0039031846820442692 6.480182745299629e-05 0.005511340686428762 0.003901076197492224 0.0013255182936778766 1.7854454377989296e-06 0.0021787542215028306 0.0035500918615978963 0.0010231629516848527 0.007364711661367304 0.00305386350972874 0.003658498461116694 0.0014025547608900904 5.907661605630101e-06 2.2357603177583567e-244 0.0019137732776987608 0.007111379286768128 0.0013909927283726044 0.0009651519202785221 0.00315226462913991 0.0027043815654722646 0.0013614365832737571 0.0025719410184973763 0.00344070941745449 0.0067385122411659695 0.0014386617579217526 0.005739809051379686 0.00347924856739484 0.00038844837365935883 0.0039091000674117875 0.0024945402726597866 8.537487279057538e-05 0.0017497641329850412 0.004277526462539225 0.0046008395326567865 1.5829930644519763e-06 0.0024752514098749507 0.0035606164062517228 0.00334907509568978 0.0076206980281519196 0.0021725168525734357 0.002777394815034966 0.0015600566331778647 0.0029525798674796076 0.007914128714377508 0.0029663687564761487 0.003250981817913468 0.0004964888958972686 0.002234305224298339 0.00402858463629903 0.003943637077364347 0.0019789314383853833 0.001198310099850073 0.002943988498815927 0.0036018356080582837 0.002649984205515639 0.0008969331363415772 0.0018682728740007535 0.0008876647546498115 0.0008746437418881613 0.004470985964384409 0.0005909960621269484 0.003348204889681712 0.002394496775399223 0.00228761719978136 0.003456020927202211 0.00021857592976917649 0.00737483850045391 0.0006759919137277289 0.0007276288403674644 0.0016421873694681534 0.000600528308324381 0.0006674878019990779 3.221488067936677e-05 0.005345768561140973 0.007505050283086493 0.008277821313543408 0.0026251129612546212 0.007570814019580444 0.0003203517804682794 0.00038225743610063856 0.0010781016061731181 0.003788600973024696 0.001917980341985059 0.0032200378430872383 0.0022806048014604122 0.0015199173259113825 0.00567836419488815 0.00019049785126595687 8.556312027737158e-05 0.0018503842084800573 0.0025573606524942716 0.002817146038514654 0.005228931467271819 0.005513359903598725 0.0006112505040118024 0.0007800967223278251 2.2654063972204305e-10 0.004843282720101526 0.0010899059498772636 0.003074630508339559 0.0003032168918983282 0.0008256998991492653 0.005473988115072284 0.002351604949731793 0.0008609180663773758 0.013875621134608062 0.003380944341734236 0.0022589381992520496 0.004795155879743015 0.0003927949464081468 0.005128196629676859 0.0020095894295276895 0.005278624331890614 0.003086611977654183 0.00405813862499216 0.006141031875399731 0.002875013879779332 0.0029036186884524103 0.0031342275551621604 0.0017475231115406365 0.00032052139953424595 0.0014179698929610092 0.00552237816828963 0.005326724606305683 0.0004892856817426432 0.002784331960211778 0.0028921850345313116 0.0010175435045443157 0.0013879539829397206 0.00018546565276940613 0.0026803622652406154 0.0024662185665868166 0.0016331384954058454 0.00012276590830919283 0.0002904213943041173 0.0012921597744884879 0.0006395314505064399 0.001947980865957014
0.003829436353032528 0.0016994764510453364 0.005040791877116348 1.9757083491235383e-05 0.0038595279845060984 0.004205725885056184 4.33405269510792e-05 0.007993382296667073 0.0011786922349793798 3.7309330766950204e-05 0.0028697678275941886 0.006658190851830012 0.005591639929371315 0.003565141788268953 0.003120285196204549 0.001715495204365382 0.0027263385050598256 0.0020854998480061286 0.0015551702792078695 0.0001359109289596723 0.0025965567402252416 0.0028316440377037623 0.0015165337269510298 0.0019785028140839505 0.005599427057056841 3.700034436580405e-05 0.000820786750582019 0.004052086601301911 0.002074338729621999 0.006736845328735754 0.006133308599361726 0.003640852512581975 0.005568378075633292 0.00393946787409264 0.005333199306599182 0.003169232910411312 0.0007802387587644134 0.0014268498124456806 0.006802433476635135 0.0032884068276231725 0.002709179870451574 0.004296948519007542 0.020317946462277237 0.024533572756447065 0.01596825716182629 0.02178739963220119 0.026190013972923098 0.020566828457305012 0.016449791034403333 0.03546811543103816 0.013672362693647274 0.017551020975127025 0.016104296851884532 0.01593606569146059 0.030984651659846332 0.02841440355707124 0.021160337083702994 0.017814172071385134 0.03333329342503501 0.02674739908990646 0.024560122599742943 0.02237764411729476 0.03013065574232717 0.0031389035108697716 0.004323632369885973 0.001196129893931179 0.002857130779286864 0.009533937127491317 0.00047015871546273114 0.0072390966680327155 0.002749923527046322 0.001426936692648574 0.004914861121127171 0.006748862544954047 0.00022917222145170396 0.0018120312233788948 0.0052647267217341255 0.00031862993755755873 0.0015262099854204602 0.0016545364284102782 0.0006295453668792952 0.00044404575231408674 0.0017854777975105424 0.0006167385501346171 4.101007820731989e-05 4.323737961603042e-05 0.0030864657083481003 0.0020254076532200222 0.00026818452708176916 0.008116242614141787 0.003356056704587191 0.0019631575920525304 2.4139466254447256e-05 0.0010169207121220683 0.008221326853041774 0.0008765620121474028 0.0038279871524512276 0.0020730616967225444 0.0020502289035192705 0.0004297258794517674 0.003295732545926524 0.00023344731901793378 0.0010569486542667183 0.0017437264007353025 0.005159927649319702 0.00876737657939148 0.0031279667332076485 0.0006920095087781491 0.001055853266282424 0.001716143422747391 0.002012989559384515 0.003866894121241631 0.002327237726911441 0.0007457112381016539 0.0009702921261385491 0.0023934634324133046 0.002062828302661454 0.003071824111145428 0.007153995303921063 0.0011550414867976158 0.001111999072766836 0.005160524463784103 0.00407015800332326 0.003639565215504613 0.0013507635413709574 0.0009898155760833345 0.0012021384111292493 0.003240582767101183 0.007259680460849014 0.003413378346307429 0.00040301061979333865 0.002631219258788794 0.007085662245386936 0.0020750888377831993 0.001626274038311931 0.0017734082735219822 0.002545693117835598 0.005710613370937533 1.0124712851907336e-11 0.006613166362303489 0.00019371128029885604 0.002180494838216171 0.00014366007760096685 1.8431981000058317e-05 0.002089630482101627 0.00022841788187728858 0.0006550036885990537 0.008466225839145806 0.0013116085477569725 0.004073522893423346 0.002769579123676614 8.048276357709971e-08 0.005933939775619727 2.847793903764767e-07 0.002883241931092589 0.0016880342740981638 0.001755390425611459 0.00913927660757419 0.0011281178083110473 0.0015920244358864776 0.0005384844913314128 0.006871906931222741 0.0030747870604362726 2.1684512411837145e-09 0.0033744304929505748 0.0035935602731283355 0.0034862944944281833 0.00011869128379768123 0.0007090032643855674 0.0019262728180109534 0.003225566400257039 0.002813179572329538 0.0020322405860357697 0.0045882879863021 0.001968499707198559 0.002610861377837425 2.469679662357638e-05 0.006001349916234127 2.5824855996484234e-05 0.005026820315538709 0.0012332019569367262 7.823815955986849e-08 0.003103448962644823 7.017959866392922e-07 0.0013218939516087 0.0010202407529576864 0.004834010270285649 0.0007799735661173607 0.0020834808587317766 0.006332432651034607 0.002950596785058362 0.007400054222777432 0.0002905682643881744 0.0002906638455863839 0.0013831452774976608 0.00047933082826590284 0.0014828629206121828 0.003737304688855005 0.0017486301149386592 0.005082232958542393 0.0001499115824593314 0.0009096618029616112 0.0035490994618283395 0.0008845502081334974 0.0051639443362629074 0.002487597922653706 0.0017113559351464311 0.003740369326880421 0.006371111683619125 0.0070721040090684075
0.00026807354269570925 0.0005233667186105986 0.00015298049506383846 0.0014666267407040968 0.0005169601219028786 0.0014189014129904452 0.006776220477755382 0.0026606153370786084 2.1720561465868126e-12 0.0018835730001757827 0.008013136154808401 0.005476869781479944 0.001081210108676628 0.003796290482583473 6.730847511688227e-07 0.003617146047841005 0.003443984914084287 0.0060384531636418015 0.0029653306258333656 0.0036550397631649116 0.004320129399647785 0.0026053574592337305 0.0038929423829287746 0.006061060401703454 0.008660080753667346 0.001394256723940386 0.002839488733577449 0.0004400897735753555 0.007423031486486947 0.006501438514055303 0.0004318852184380937 0.0002551587326073461 0.009277141931444416 0.0021486323764418635 9.952062176988884e-07 0.0038967408856904573 0.00456991549893324 0.0015219113331013544 0.0016104959324424338 0.00028225986466787667 0.002661542596618752 0.0017359312823376453 0.005372013443078968 0.0041084164155772325 0.0019211675280778654 0.003328543664898202 0.005800822144605722 0.0003135883769854463 0.0026288820919192 0.001435691083288141 0.0019234931371298278 0.002233814578533006 8.327361169847623e-05 0.0004450401439655473 0.00041976734146027806 0.004604891381194882 0.0018179266541316463 0.0028593594264056553 6.723673603946124e-05 0.0018403011469401021 0.0032108183996922457 0.0015264454994941014 0.0033029918447082572 0.03411908891964269 0.02488501700273123 0.024439907015154975 0.020539693581025087 0.0173016593874271 0.0195062041412082 0.032004074458861276 0.023570167468974192 0.0256178125863189 0.015991394637430097 0.022244664834439407 0.021544794938795322 0.01981910427971042 0.023650993348496022 0.021766779456533793 0.01882157785636236 0.02506452074713757 0.023056021889091297 0.02078657886294925 0.028880049277658047 0.017648993232922072 0.004414254953873512 0.0021623006359617176 0.0007689169883441839 0.009314479109422942 0.0032599448509664035 0.000976782457306609 0.0016465305884393704 0.007259760557210971 0.0048021071289734065 0.0001770263006472018 0.003652448541271918 0.0008367476256371899 4.4363490583873024e-07 0.0010267151930046514 0.007001576763192423 0.002424116583421118 6.972907198778494e-05 0.0009109066052844303 0.0005782317165623873 0.0006546943301501734 0.0037688957906307215 0.0027017866448799947 0.006457331363155778 0.0022744769581565603 0.001931168591601813 0.0002958119921709517 8.668515172198645e-06 0.0019567379795890974 0.003622677052169807 0.001693836700172697 0.0031314830058650944 0.006645173723920288 0.0012882527433960044 0.00039106986803148726 0.002084664745664139 2.1698966831412173e-05 0.005338904481620096 0.0007945297723396652 0.001448396341254571 0.004622986395074143 0.004217896103911003 0.0028696726511289613 0.0008482006586352641 0.0007365714871202348 0.0031136117090081665 0.001126858704657487 1.477454610070744e-05 0.0016462399718331164 0.002311294605125767 0.0012929756263786096 0.001248960056330985 0.0040405735084719716 0.006930138547360684 0.0018042272662535986 0.0002755215063389799 0.0008183660705511121 0.0017602559217523887 0.0005202686242859578 0.0031589420036085736 0.0035152964389121074 0.004374930593150544 0.0002957821739584499 0.005109586602138016 0.000706182503533085 0.000398610805875322 0.0023181528848230976 0.0010102127801879792 0.0011448209444768747 0.0017538415354529172 0.0032555106286727264 0.004465472635735852 0.0038153225466622765 0.0017976801195660988 0.0011905536617089318 0.005267843425284584 0.000816888118640407 0.0050700545398194435 0.001373797362983706 0.000270163214604164 6.854438461393395e-06 0.008042797474982783 0.000711555348510167 0.005602939461578504 0.005616342813772434 0.0021334095617190282 0.004786801201020138 0.0020901233780818854 0.0020556374326324346 0.006063942545091385 0.003423790071714723 0.015065774624180114 0.0010406124909798679 0.008613239201627534 0.0007717685994667806 0.0007585406926290341 0.00031873149090857344 0.0073186268518623645 0.0040356911785054935 0.0023168411427421775 0.004577026937610126 0.0028733643610988208 0.0012305752217638324 0.001005169560655882 0.0037710203193978002 0.005043541352068863 0.001086040406388372 0.004148592953059494 0.003927586664002585 0.002942864684910648 0.0066601313665124486 0.001595624823966287 0.004727486214561157 0.0018851077983606562 0.0036391424530437177 0.0008133461041014452 0.0024850596983540052 3.763302572302659e-18 0.00467606818790153 0.006326674707926134 0.0003826070185341459 0.0033928832053359364 0.004767723472120436 0.00019246714992405796 0.00044719648058329583 0.0007368394675850723 1.0259980783066138e-99
0.0002124344338158704 0.00010423525846942934 0.00768938076855067 1.1639701530007664e-06 0.00140213483670407 0.0017450724817110804 0.000658169240969117 0.0012651428835196799 0.0033955871309084345 0.0044465390085536485 0.0042397623618762965 5.439687683653641e-05 0.0032310482982661885 0.002347438660002159 0.0008073529678152096 0.004205612791211378 0.0002701767490670916 0.003210150637834075 0.0014658485824006248 0.008254540225792745 0.0003404357170158826 9.884885567482897e-05 0.003254301068264823 0.005203144797352324 1.6624318777771655e-05 0.004596577702235763 0.0011238396622736569 0.00898743982200958 0.0017574089784330206 0.0034832007244424475 0.008023004624375515 0.002926439320983851 0.0045708992504034755 0.0023457053736384236 0.001082651383376691 0.005075903116262499 0.006721422817879583 0.00035494854933350826 0.0010768321677883485 1.1827625473364702e-95 0.00011545257835880276 0.0052198332536188595 0.001424377371472528 0.00027279817609144263 0.0028398570393104025 0.002369159623087302 0.00733200675782814 0.0017424155112973423 6.617743046210018e-13 0.004368847678453449 0.0018516773910821013 0.0019847357662514217 0.0025573712229629802 0.007233344927196434 0.005864915591209353 0.0021590129309833556 0.0009631359902168449 0.0037033515363521204 0.0006170079963848328 0.0002127193394005265 0.0012703500119753892 0.007005196206395838 0.0015875770998312112 0.0015607986613781367 1.1759066018124807e-06 0.000452385239778421 0.005050651814991282 0.004338993839964701 0.003498824774642451 0.0020622106501956942 0.002090343155063534 0.0004928389522517809 0.002283012210023368 0.00024289599859084621 0.002883075091028911 0.00422317506851592 2.8452120121604236e-06 0.0021578478898491814 0.0003490409943707201 0.0006274530570879416 0.004516190101477443 0.005615022622790397 0.003708138403517053 0.003448462056591205 0.024698098019863866 0.015872072051397425 0.02465771134730614 0.026641840608797488 0.036098669205750736 0.022741334099482723 0.027835970105548214 0.02911909695376934 0.01801861188624854 0.018709155630456418 0.021367813946750906 0.034678878130841584 0.021764970783641646 0.02201005389138438 0.022287050699416413 0.018467353162884895 0.03433591630575206 0.015606411633251927 0.031079374198195314 0.026046623870641588 0.030810387521054187 0.002259645813421852 2.2289613787467252e-05 3.9051571377287886e-07 0.0 0.002215650232321325 0.0058994348360442515 0.000524283485665789 0.0011083295440468017 0.0032904460258188087 0.0037082830223030155 0.0018275578162860087 0.01267806714845653 0.004235420122526249 0.0011052843347327276 0.004248141943722274 0.0006464606763709441 0.0005101020510395129 0.0024792300582929913 0.002271177593550581 0.0010213207215588956 0.00018490292289448026 0.001755194391773707 0.0033907929549985465 0.002076950661938492 0.0011769174795663044 0.0008871397284670488 0.005683606854874917 0.0033039702451475514 0.009909507284777935 0.00218624683901108 0.002744584728622687 0.004142592687124063 0.00024050982716065087 0.002573417531908217 0.0039537708184472645 0.002105085397956237 0.0012895538255406577 0.0012480054710629091 0.0030270811497371936 0.0055713683995499905 0.010715287340393495 0.004192221690383545 0.0030029825114712134 0.00024102816927750983 1.1416477696657748e-06 0.0013877209203276358 5.990531065931328e-05 0.003734355818955626 0.00436445593643557 0.00034552919960247237 0.003006890482746574 0.0030419909322516067 0.0025804714884499064 0.0006746495350452722 0.0007089136570557406 0.0013867322116183718 0.003784619961987941 0.0024305790746817807 0.0072638286683579835 0.0006662678452306722 0.0024417069478117094 0.0030034425734871317 0.003654298807648266 0.004043906552730385 0.00025126829362505566 1.5455757792095748e-07 0.00036450242123584037 4.229301482757728e-06 0.003922579605591691 0.0014443373283161232 0.0009339500266075574 3.2922417863876646e-05 0.00149222435024612 0.0010939880287247727 0.0034593543505058843 0.007912071242281112 0.0026142881391376846 0.004090336829519565 0.0010921021055537274 0.0007335452557528583 0.004415302726483864 0.0001916470643428381 0.0008315734661475075 0.0015262166392648801 0.0021475224843627806 0.004638123036098167 0.0018566422827274648 0.004527490948359874 6.680823726105837e-08 0.0001500532085027055 0.0013682917068063099 0.0004294250052384858 0.0017206905051202364 0.0017647688563561007 0.003679410350954471 0.001232308987102301 0.005606239142003985 0.00024431338934946897 0.006559353576510375 0.0005904154338855548 0.0005578936326614181 0.001118181618526303 0.0010482842133733195 0.00033796824282436794 0.00458658421157841
0.0011562715054394591 7.96654533233861e-15 0.001162146268266012 0.0037675946131722144 0.0009963424051656863 0.001817311355147671 0.0006440337202227733 0.0030380588273351164 0.002739648793421562 5.674490315401999e-05 0.0006682710593721213 0.0033758444302040137 0.005115664787408711 8.794406377182908e-05 0.00017189714906734255 0.0028623086628453667 0.008537744398054657 0.0006510055435250838 0.0005779472049274191 0.0002639108057056229 0.0013761030122107847 0.004647853718889478 0.00018575744534383022 0.0011198553705351695 0.004604185974330626 0.008864907864063288 0.00233760799350684 0.0022112981145831333 0.004787757363165485 0.004150212231349407 0.006725263274079416 0.0007699805683795632 0.0001676189879366347 0.0015879673533175172 0.0004909187456976701 0.008087067657093506 0.004618513020849394 0.001415254776361632 0.0024164141376059366 0.004018763878929971 0.001522180755708859 0.00014058921477065362 0.0044538467569652926 0.003540970517909987 0.0027813452945103126 0.003102998579809069 0.004673407543052947 0.0030316198488519676 0.00420630104654509 0.0010044638292796009 0.0020480434279786567 0.0014426101504794943 0.0026187850348465195 0.0006359048102919465 0.000994074630155866 0.0023203874183074544 0.00655272657294269 2.7795070175276085e-06 5.727947211804509e-05 0.00368933955176666 0.004499512562311264 0.0030938424701643283 0.004956934594276384 0.004157364361924242 0.002241775682202215 0.00035508321021078895 0.0004012836382929911 0.004749004254654495 0.00020871503645637028 0.002241575577029153 0.004266557423461076 0.005221576567490049 0.0017418168241191694 8.204057637175265e-05 0.0017502525387733316 0.005764878510516954 0.005712783535261016 0.001149320703543438 3.0186870889157885e-06 8.17674857742357e-06 0.003861532530832025 0.00342857824762205 0.0017458639849367386 0.00099740357106434 0.00313978877169157 0.004264295524501591 0.0005502932336486752 0.00510651954193921 0.00222671853330581 0.0049662031986953655 0.0016373933547848799 0.0055566994896614225 0.003753474151131034 0.004101312178094877 0.00020474713402644662 0.003513091464394253 0.005233586106194122 0.0013148017595247048 0.003152798743443198 9.28068999730515e-05 0.0026651445203392044 4.0074986190917906e-05 0.0008866229895311691 0.002702017447988347 0.003395099877960085 0.02303631967837118 0.015257606706423777 0.030404355221329626 0.01966325857059863 0.02659441389425402 0.02599240826853317 0.02941507766271658 0.022082759539450856 0.023153703233451388 0.025313022663583873 0.03201967229034769 0.01805148326375176 0.013076185992265498 0.027356776837765263 0.02950181593690228 0.02305128795307283 0.026101430747610746 0.027903744392320937 0.01960514907483215 0.02487387783437913 0.02490063276117584 0.0015106185378988587 0.0025339275114233803 0.007744324172976838 0.00442246642278771 0.0023844668659728607 2.789137826607791e-10 0.004005730795244525 0.003042919154258515 0.0003612606594452339 0.0005819049837173512 0.000610599316450768 0.005144037153499287 0.0002791959819549914 0.00017146042989017783 0.0010058935337251371 0.0032300542221862715 0.0010552149296175393 6.040832678964926e-06 0.001595917088667875 0.0033901643175194176 0.0018746293968707802 0.0011892617767186246 0.00011889288970336651 0.003827958343875397 0.0016102751719891777 0.01030958515806033 0.0009653746777726913 0.002862297588984233 7.145028543516283e-07 0.0009702223185039802 0.003198336162758854 0.005010232219090856 0.0019159902153199862 0.0034330975389423885 0.0008503290606378894 0.002557460478296486 0.001867264948908657 0.0028043882944012734 0.003872487634362638 0.0011376235917380855 0.005530952356077457 0.001232254447257149 0.003753567398334798 0.000407767478269306 0.0025655425114465774 0.003816783454122316 0.001765243507674323 0.00035221794927703837 0.004391628068223775 0.006690094180027247 0.004775185720042809 0.000186208380679218 0.0046910479648220324 0.003051420313623167 0.0004335970769583188 0.0038509777821622458 0.0003444105529820113 0.0015483651131241933 0.003923780517858741 0.003286937665482639 0.003068394561613709 0.006213471422147282 0.005096077690611375 0.004283072870891935 0.004686103345045384 0.0029297664350446157 0.000164515783872994 0.004187777245744319 0.001943900700316291 0.002668068538839959 0.0024207043720059595 0.0001735616950174489 0.0008157074298211565 0.0032754827752124226 0.002129879253498209 0.006843404145378731 0.004189809023134125 0.003066157652808112 0.0011774419052698124 0.0005396402363253046 0.00048589762538226247 0.0039700455835543986 0.0014879647682264953 0.004541543128081873
0.0027537060150514404 0.0025964770357324494 0.002539020582877223 0.0015389581040149204 0.005502602884743778 0.0019841666586034334 0.0002527704340482823 0.003034065378116212 0.006401650844252432 0.006004795962737295 0.0015277113577210444 0.0037519126067300933 1.9253261253586025e-08 0.00219489847965392 0.001224412527594397 0.0063695371414399325 0.0006148103832011972 0.005652359697940795 0.004741741222501515 0.0026758193002732055 0.0006392660033477075 0.00384790053708806 0.00011660789142546744 0.005759268280182947 0.002256487624247152 0.003215957969016061 0.002543894773097242 0.004689840546689474 0.0022794373572009126 5.921902101917932e-05 0.0011570034607430515 0.009781591103982147 0.0026184166200917147 0.0024000173044711596 0.0008106465048225223 0.0047465726058507525 0.00013767491245034413 4.227759509411416e-05 0.0012526611677981462 0.0032332180437899373 0.000570371064306093 0.0036130885990503245 0.0015555700878286357 0.0022975416573070727 0.0017126192843709895 0.006932540293220841 0.0036645261946867923 0.0006586985078337818 0.0038893175403897575 0.006681767577595002 0.002236321977832708 0.002825092363312183 0.00010830839545252754 0.0004828984477917051 0.0001633970888455636 0.0008374021010999431 0.0036264609102827274 0.0006526816859258491 0.006059488876801371 0.00487981622590294 0.0011462573395042554 0.0005434395719804453 0.007627116991980373 0.0006573794657935516 0.009561731404654534 9.983624253010544e-05 0.0013747469774676897 0.0007975801882246232 0.0029163073484211794 0.0006766697935691346 0.0010367233266747962 0.00252736475046734 0.001406469099739507 0.0005481296313289794 0.005046274494582312 0.004036597622918066 0.0002783190743677554 0.0022633223467432907 0.00987787891884011 0.0012688316488406336 4.690224814002026e-06 0.002625836819283283 0.002332145740109864 0.007247304150086659 1.4170487095370707e-09 0.0005213924294436041 0.004135366360738546 0.00581668635399872 0.0004397105445841289 0.007953213118975433 0.004989190141025158 0.00018002960244403664 0.0011630552146330451 0.0033079832901625494 0.009441724570775962 0.0021024282825585364 0.0009218793394738079 0.004303283664199621 0.0017301374653944576 0.0002571096151326073 0.0006299961724377291 0.00523266005142992 0.0036538453460523987 0.006121478186209251 0.0018892387618818422 0.005786260951101605 0.002270246167869472 0.0034558119074516863 0.0024086183905949916 0.0010293426435313275 0.0021864229279614012 0.004076543624506772 0.002420811092674499 0.0014181528875598672 3.508169892313695e-06 0.00309218753667489 0.007936017483492007 0.0007248899139512454 0.002512609405186826 0.001724447195411442 6.512050185852925e-05 0.00012453083232043325 0.0011798318730383479 0.0009179763211244923 0.0035168738704511497 0.002071266720641303 0.031650101300905634 0.026269338752265173 0.02725029597481808 0.021713615682997622 0.019159308364744543 0.015802325529622848 0.02272996094766234 0.02161706433005633 0.023299469809226363 0.018269404660425533 0.023722554694933198 0.03254626934216924 0.020747621081824204 0.01787090151710144 0.023163404154470008 0.017072328440351683 0.02643495994390323 0.027810501996162702 0.026828449876004697 0.021455474022305243 0.020421850973899428 0.005310641042756161 0.00018021126986492048 0.0011831265903256968 0.0015161250523189288 0.003225944366008307 7.09797520823509e-05 0.0018544688830815952 0.006744884315546439 2.160024853289424e-05 0.004391692148142871 0.005855723322914592 8.071588011553435e-12 0.007030411103977837 1.2721153541672918e-06 0.002623407978583888 0.004428791396812055 0.003965727450761714 0.0024664879902431573 0.004524981797106731 0.0025059312462494434 0.0004175208713026694 0.0040520803699893365 0.0007905591315231968 0.00033284107839807786 0.0011047906589702918 0.005281206064687494 0.0007459010349251747 0.003224798008566351 0.0019776851303970125 0.007357828389134975 0.0009489781078506925 0.0021843752980286795 0.0005941044825470391 0.003399094134693213 0.00691353765283814 1.2939064959849092e-07 0.002511171169253716 0.0024364245996130697 0.00443011359679303 0.00242116786354299 0.0010099038590046395 0.0003807373371116565 0.0011893507868989594 0.003992858881192206 0.004505108646178306 0.003364440827632834 0.002813314637199753 3.948110913629778e-28 0.004664265747066152 0.002828112139899078 0.004012919191876443 0.006359793502801399 0.003222419836421731 0.0008253699335979592 0.0033677498885657524 0.0014066050779472303 0.005061008287303617 0.0019579423019698687 0.002550085647526963 3.7197709678400086e-08 0.0031473136028191506 0.0008864204800355856 0.0015821880893946202
0.00019124331415550194 2.964382418299129e-29 0.002839984701654454 0.007448646177464826 0.007960162671637218 7.58214430939384e-05 0.004516787741859373 0.005633315274259138 0.00039457779576570394 4.772441570309675e-05 0.001646276445347361 0.0023226533604966864 0.001427627301998604 0.00027492224273529934 0.0024749301150477953 0.004614052258493723 0.001420011926149617 0.0019160986168400554 3.525557635093758e-12 0.004338076564506848 0.002873668120640514 0.004215561325836523 0.00043042734664096115 0.003153750543908926 3.060460895836338e-07 0.0008398597160316126 0.0016399851073832421 0.0031639889667117115 0.0032957790871644037 0.0024370409959876675 1.4000994483208914e-05 0.0005302564562245825 0.001032363593034766 0.0007588799196232229 0.003443235415775579 9.573630171157477e-11 0.005266504899183395 0.011317094137658034 0.0014437093519453152 0.002184471304643497 4.403210687857378e-06 0.005744234405785207 0.0006576334172879465 0.00660962782891272 0.0043711456957230225 0.001000401254999887 0.00072178683398595 0.004378107715170707 0.0004238301079943981 0.003424216429362602 0.0009148185772871476 0.010292164437148586 0.0004908854725204132 0.0023341969356079732 0.0028565725845102526 0.0033836436088720634 0.0013374432955729518 0.00025127076729130135 0.003028904466681678 0.0032803934100040333 0.001301794669449878 0.0011569315134225568 0.003533380762038895 0.008645329376673968 0.0004424971917117616 0.0016628140427044043 0.0010778656801117268 0.0003210179889783896 0.0019922462684305313 0.0012026358960217514 0.002127148757747724 0.008984017644726882 0.0016570290257003181 0.00175825415963252 0.0100030240860038 0.0023660785086981706 0.0006110464149820145 0.0056584473676008105 0.0006722477014080597 0.00240032181068046 0.0060070779548390225 0.006301265372604223 0.0015086666493693936 0.00916267877568178 0.0029622896381801397 0.002597186744954088 0.0007834271472832297 0.002736671971810705 0.001602619008670806 0.0019228701210915562 0.0014694151492014149 0.006527472624752378 0.0012162278922879235 0.0006994445108971472 0.001967754706249625 0.006930781373678474 0.005359950457644 0.007476828216044574 0.002524051080777803 0.0003871066934238659 0.0015010882895128046 0.0025577823578599003 0.0020277441947461473 0.005230603745058731 0.005693090493218238 0.00187016615110824 0.0019703077768886534 0.0033473897090168284 0.0007928108324701069 2.233634775753822e-05 0.0012506287639884118 0.0029776022733240966 0.0001314941897910342 0.008810609646133656 0.0031986894786061653 2.4624641112692896e-06 0.001226911512626662 0.0030795961299769285 0.0058805159452601135 0.004596348735788013 7.009409507155055e-05 0.0005897329186475348 0.006566459331309864 0.0013021801378017923 0.0025955976261005627 0.0009486493527744192 4.309531629380613e-05 4.0194713958203744e-07 0.002962326628504818 0.00466088721177722 0.0035161618396535267 0.00454642775470618 0.0040173364075063375 0.004555988609442688 0.0022991075544440934 0.0040078805831943705 3.1915645240991885e-05 0.007623317004134628 0.0025127140862164273 0.0011859472769314692 0.0031398450440041138 0.006747792854559523 0.0014952195865237461 0.00356937192067881 0.0008901036633748488 0.0009246389812741327 0.002886991087430008 0.016055103270143492 0.023716648271125948 0.03290549715150701 0.017184492303883223 0.0216118123088505 0.02293691580198088 0.02618297475868351 0.014709113095540202 0.02070402747843169 0.026155171887465804 0.013751882744627453 0.018254756735263316 0.02591678963257615 0.018879914908106494 0.02798398188544081 0.03316424885758877 0.025080020189579603 0.023524599930145038 0.015150417195678561 0.02620998373707163 0.02496312590597695 0.00523062438986627 0.007357554762520647 0.0051712876795150095 0.0023884313572900546 0.00391703421525737 0.0022642966044909125 0.00020888410810242206 4.431475822545312e-06 0.007207976375721138 0.001618560422078935 0.006161003421902008 0.00036903953056042214 0.003023370760691561 0.006682276103321021 0.001977892771282011 0.0006723104576955045 0.004973501796236935 0.003457411341186584 0.002194914640072082 0.0008596107616886799 0.003981574577499744 0.0011412247151435767 0.003817466141837503 0.0020080449569311143 0.0019474751477800692 0.0009736174837113835 0.0017450645809361453 0.0007468669691664771 0.0016649818026351945 0.003531240400187476 0.005949219593815401 3.2136648635541916e-06 0.0028028256987113606 2.5903102045982647e-15 0.0036321914405068956 0.005368443785742993 0.002067336899075361 0.0011625840575312442 0.0018995016862173846 1.763180442604277e-05 0.0018872678331253066 0.002204581026192179
0.004610615412214028 0.005182746847232698 0.0006986067074706698 0.0019920218849044137 0.001710225905942816 2.9065904424828497e-223 0.0036912297301693554 0.0004173310587958359 0.005061500337791293 0.0017320087088431228 0.006417098811985638 3.2676275308058896e-06 0.008136373522017612 0.0016027523296390342 0.005218465915674084 0.005841338919444844 0.001507436165037623 0.0050779143985815135 0.0025668690323512548 0.0034614401405664804 0.009107905025343829 0.00034694931648492484 0.0018719327052229117 0.00012871088376493141 0.0015166547913883306 0.0069084573341561175 0.0016450806809189223 0.0023801162200437036 1.7241782560866708e-07 0.004093713776034987 0.00346814960124083 0.005009826325659126 0.0012122360986946156 0.003298223870473227 0.0034389806938327867 0.001348705904563033 0.004735525854322489 0.007534608324698833 0.005025682314388 0.002550073452502354 0.0027671570862375094 0.0021043599269134237 0.0006131680343326468 0.0022980632253279767 2.25990591537463e-05 0.002114271996779646 0.00019164786200220042 0.0051274724777257115 1.0336206462173362e-07 0.0033629292991166947 0.0007422421533153231 0.004172471165850286 0.002766542276684164 0.0015965312582846244 0.0004435304211641219 0.0061600247790507216 0.002581221174120638 0.007915322323171952 0.0017507495015275441 0.0010933913762214936 0.0006850492085820701 0.0014575843801878563 0.0004429531309334715 1.248500625184784e-05 0.0042219868263829174 0.000643046163415447 0.0008088768334559071 0.003523215744116605 0.0017725549950388772 0.0006213497082268371 0.002452407216352136 0.001284854385688476 0.0019605900968927134 0.0005524152561619811 0.00318144093334655 0.0004284708639026417 0.0028754694711662383 0.0036880039384353486 0.0017537139719422047 3.42103938415329e-05 0.003422809974995759 0.001776443803270597 0.001699972732123387 0.0002652866398741835 0.0009748725208535741 0.004093780776429277 0.0007678153448686146 0.002423568350734272 0.0019285219853027973 0.005726277185450948 0.0021844533814504817 0.000848837075868597 6.18862337693542e-06 0.0023766712376378125 0.0017550939127730272 0.0037725466172856743 0.0019080140219667695 0.002205668176255488 0.00117246471433633 0.005173464496705706 0.005328422570033123 0.005485181377517294 0.0023477241659430863 0.004194012040927273 0.00050042237682506 0.00014498962153694479 0.0029580231836649866 0.007866884641191615 0.0005629088685231967 0.0006685343274445376 0.003183714775584934 0.0017590155374929727 0.0031749800316707936 0.00010941006974018182 0.0005696959632371655 0.005673048768424633 0.005677655534119798 0.003382900872874779 3.7481874088197025e-08 0.001423844647593519 0.005225455572688606 0.002481423724800838 0.0016187059308665748 0.006286972979904635 0.006176282333930362 6.297468070079248e-20 0.0023205588427889765 0.0036192931974870337 0.0033643319154990636 0.0027059467012987906 0.0020877317866596855 0.0012228616212741979 0.0007959378818670498 0.005872935850573576 0.006856479120201552 0.0054825841856478 0.001798369318401173 0.0004205508918661827 0.006465298795393677 0.0023526053598010564 0.000782339105387784 0.0015027900913209143 0.00217570381237121 0.001106585521737343 0.0018098289726009274 0.00253361886752556 0.0037866378281176368 0.0007968878502566662 0.007592918810374947 0.004934310731678843 0.0003903932093447258 0.005820814252885428 0.0004090069217568372 0.0037967157218642077 0.0033793265129631587 0.006503600289793566 0.0033313948875706603 0.0012132268738087283 0.0029914404551299374 0.005829575918886649 0.0019025915842204256 0.00044396654159032056 0.0006772585782827442 0.004107520911975184 0.0008531387005239423 0.007639397447606342 0.0009449866381451781 0.0007804919249778174 0.030229314877138178 0.0219230666535175 0.0267456343171226 0.020371388675362628 0.027310587078801966 0.02735816450372127 0.019353309647899962 0.01820326586818709 0.02427037423685815 0.02579142606321858 0.02303042108035352 0.02159374897722094 0.014108069967210146 0.028579371690120734 0.021521287340882305 0.018004417694259218 0.034864574224839025 0.021739744160246644 0.01679296300434869 0.01847559039682644 0.021789399557575476 0.001224658940612545 0.008823415232354638 0.003922811449826959 0.003382364164715446 0.004025338347495261 0.0009631120969499518 0.0037059947482723106 0.002885797956976294 0.0010033798309013666 0.002840688062619953 0.008500477055368818 1.7586984933761435e-10 0.00170107312469305 0.00012134551670159087 0.002597078012461666 0.0020072819711775144 1.7309835831377334e-23 0.00413832225693823 0.0058917066868557095 0.002465975315100202 0.002282679305849546
0.0017809302556125125 0.0037104647603093638 0.0012531139957964975 0.002698426691007679 0.002216548282277235 0.0017147403945747149 2.347608795653565e-05 0.0022275847584145646 8.445485479689561e-05 0.003563323524250428 0.001839211205352647 0.003466471296859186 0.002741542217337552 0.003649554438757566 0.0018503705473909716 4.138239097513454e-07 1.3272740827400794e-12 0.0017431590543672641 0.0010436783038223747 0.002507375371188435 0.004339239758045502 0.006730643557367842 0.002510887885166727 0.00371871426529915 0.0066753676739666964 0.002116382954660772 0.0013096886136147992 0.0024351605809715283 0.0023792138412286356 1.7590948069179246e-06 6.583777578023521e-06 0.00020339476096979136 3.522835370747059e-06 0.0010621313298056398 0.0007794845487177195 0.0003499109799578818 2.705222833486986e-10 0.004326524428528391 0.0011534029138866833 0.001114146920561713 0.0016024095823571121 0.0030604822393765804 0.0027428968611976257 0.0014498008740830616 0.0005453272268009035 0.0042982105612308814 0.0019304567940745788 0.0016045869248682751 0.001982292947077975 0.005405891512961455 0.0034759758596604436 0.0004700951218640164 0.0010074075570955304 0.007100163102143996 0.0033326539368629567 0.0016596293863103929 0.0002680327067621719 0.0012725685511362954 0.003050754174802786 0.0029267429667491295 0.0014339544248240833 0.005486808570008747 0.0028293029772496663 0.0029902808022201706 0.0003046212782856881 0.007205350791372702 0.0028109844073773795 0.003854779111182089 0.005358842609131481 0.0025390481819102598 0.002330118123745316 0.0022884725195785913 0.0009766303842031526 0.0014529886905582743 0.0009378919329104679 0.0014470412464784716 0.005389633179624123 0.0036048293926818106 0.0005640268505213025 0.0038451249716719227 3.5224475902961175e-11 0.003498055901674872 0.004292409551035147 0.0026495257363398825 0.0024422999970618686 5.4230285894581e-05 0.0024184212068309578 0.002723693489008864 0.002730885227603027 3.105903450310237e-05 0.0029893779331579408 0.0038477063644102335 0.005614218648956816 0.0013266733107759041 0.0022592175666248412 0.004282960132977571 0.0018068510899999406 0.00031800154090362104 0.0009453557979190286 0.0016944309282485022 0.0017957321364953471 0.0027378793407967 0.0010860846737674901 0.002384417213755595 0.0028625867096164215 0.004992278176109466 0.00010759923244841178 0.0009340205196879196 0.006008117412470188 0.003071357062112309 3.456702916003702e-05 0.00589676098346843 0.0007187467645991034 0.00011993332983846574 8.811073430295715e-09 0.003364554021503083 0.005063736544210349 0.007141330560300214 0.002260768755211842 0.0012577872998060767 0.003210931319191761 0.0024814112643048 8.631305265527659e-07 0.0016384227023372693 0.004518577591539393 0.005394513960922027 0.0017742360952662985 0.0022924956478333675 0.007578170423630152 0.002796078118504813 0.0006198119379300054 0.0018565811427096598 0.0004926109948123521 0.004043113002729787 0.004854069673721207 0.001457386522506396 0.0014595015334679887 2.8362996572908564e-05 0.0036305501755786776 0.006954970460266146 1.4396629870141556e-05 0.006207472477771459 0.006235625138854369 0.00013559390755496728 0.006975075135990418 0.0017874858545919939 0.003192228935494449 0.003446262778217179 0.0006706358515718931 1.4513404311591707e-09 0.007365046757525983 0.0008372825561899475 0.000768818580940262 2.1517070528871444e-05 0.0008441724154623808 0.007634454314944249 0.0021238728776626576 0.0016208991259185933 0.0007573427118008947 0.007055205748832853 0.0045351258979993495 0.0019388012426931065 0.00012124423480619283 0.00013504637591361718 0.003212917635562895 0.0038318768236964684 0.0075513884930130505 0.001601909504912653 0.0005266374034362961 0.0008541760120084966 0.0011670309068210658 0.00563796512997152 0.0060322029611919155 0.0006976064548843503 0.0009722437454704406 0.0021528128681229234 2.465125742517375e-07 0.005411448827125519 0.001608322645263168 0.00011458791696284336 0.005559543235864337 0.001577546665308837 0.0012654850785927322 0.0008272325700092721 0.0023078310757115436 0.0025798954389121376 0.0003088865314065584 0.0025888937285803632 0.005478694297001571 0.02162429173799339 0.018178703484608195 0.01945443333949841 0.01658466508804078 0.023850753343639088 0.020054585320650666 0.03651278531858906 0.028618963139949966 0.023950400840689834 0.030189534105272208 0.021434888557980352 0.02203614780455958 0.022724378591629346 0.029433170731358534 0.02506667509563292 0.02735933781086906 0.029336753888442757 0.03162198205159195 0.023807594101919294 0.03063037551330436 0.028224180359676256
end
