pd 
0.012842936889093394 0.014343830003815316 0.021115854510092714 0.019960541618736758 0.014994784531333141 0.025403088685874077 0.0223097072328623 0.018559387889108853 0.017207276462565597 0.027004689161997907 0.01666864030594835 0.0267857972531917 0.014508049450533203 0.021740467540649146 0.013245174124441388 0.025822414161734007 0.019609464314193262 0.019004423956365365 0.014961421221325459 0.018956073961110778 0.02202281613391819 0.02493349645835097 0.022633615535898405 0.01638288951636345 0.017223254255568306 0.02410493595165786 0.021689398409231824 0.021764173493743807 0.021228081921750373 0.016448980401682637 0.02077619994477978 0.015214064370990125 0.025901352387320595 0.01476706409099641 0.023351517539187003 0.025671448204970616 0.021053615828598066 0.027765070102523978 0.01764146184005783 0.019778097275566536 0.016376514385760696 0.022716290071343258 0.01709454716413648 0.02250514244357073 0.020828097255611713 0.019397283848800025 0.020176724029439045 0.01691954102517682 0.021866509720173014 0.01672379311785875

pz_d 
0.4631063806721458 0.08858753088778637 0.029805965535670425 0.06723377718968615 0.09345056156955076 0.012433323677198349 0.16559724340373425 0.00022844828824127622 0.04505644895777079 0.0345003198182159
0.48375010752831965 0.07091282248747477 0.04798899414127214 0.051117533976676954 0.04379955602891614 0.12823226782668198 0.03697919761536437 0.062444638313456154 0.04228410076896418 0.032490781312873744
0.5172290934822645 0.0007023300267182524 0.08097776569284766 0.07358553631541373 0.06123558903640697 0.0040658906476160345 0.0664329976185886 0.18296059805075499 0.0021487521027560006 0.010661447026633223
0.43009295391311625 0.010748448117914264 0.052529791149521325 0.00369055705198864 0.25216703750486774 0.013127341200821782 0.07835840845675139 0.03039423498540356 0.012679137660725105 0.1162120899588899
0.26949616199489085 0.04197864716383808 0.060682174492559235 0.05669967158733141 0.05410538617600016 0.07176027655553063 0.07139068530595448 0.1179382854852623 0.08731967835761217 0.16862903288102074
0.024544831259933567 0.43006720500686096 0.055989413750395456 0.050463310470060155 0.07646451710791796 0.061474132530007386 0.10427042773102185 0.035315733141179334 0.07107349975791842 0.09033692924470478
0.00892546676326812 0.4817694695292392 0.11000415492498583 0.024101002081029714 0.0037833000432021652 0.05754013200968642 0.059845566847704396 0.17062034709473353 0.03214382047619767 0.0512667402299528
0.010969624095588673 0.5838005952250246 0.09324416758585435 0.08342849054770507 0.015035002976234243 0.05232102942867551 0.05247429246701175 0.0019264896267421788 0.0978317870096852 0.00896852103747823
0.02867655118068002 0.3300398109663374 0.13547534015861662 0.21783237148659804 0.030415859864075533 0.04695132671175213 0.15955282807615098 0.03582397090548252 0.00571708806050707 0.009514852589799762
0.013721492133230559 0.5571875237533722 0.06983539642495248 0.07292422025703116 0.07268165511791105 0.06750790012452124 0.06802069661990806 0.01960806723480768 7.0529732553470086e-37 0.05851304833426537
0.08956206992797622 0.1260926075283937 0.39474148838595785 0.21996313157577455 0.012575046824454513 0.0004738469044989661 0.01688026960360763 0.0034236144721484663 0.07577144247134422 0.06051648230584376
0.09885821894245862 2.1350775850552298e-08 0.46688349965172843 0.1093052097148445 0.012928280705347706 0.056760536456039026 0.031906855995981656 0.04396054687443579 0.05524527897675205 0.12415155133163641
0.16157552068556197 0.004031872652275621 0.5082386517237981 0.11945499478977581 0.0029695581785328592 0.011109148079402149 0.06466308675320379 0.027939252801982034 0.02860230973277729 0.07141560460269028
0.03283540478632875 0.04184558328332354 0.4349816897705042 0.08078869942576046 0.03995610477454271 0.07194229220300641 0.15144752219502958 0.07932709027421861 0.020296343185997334 0.046579270101288324
0.020337632931559574 0.007443994349342253 0.4639753154204597 0.08195467842963305 0.15232438991761088 0.06993767658754654 0.007041483430002899 0.09384297398782585 0.06893456802297367 0.03420728692304547
0.016550213718439358 0.010396152099902528 0.0007077466603153194 0.6874613343925577 0.08577527962330299 0.024144988206577796 0.010198674837292995 0.1346331329680084 0.005290346804699698 0.024842130688903175
0.0628203724677049 0.07479034091160236 0.030569229910044987 0.45831799280323143 0.14355300901995666 0.06372735416598832 0.047695559411244495 0.09109376016994929 6.065862682315241e-10 0.0274323805336912
0.0007077566026635243 0.10420681631995622 0.00704763327921587 0.500535638778536 0.12426844530974425 0.019950807544390943 0.02160947968000507 0.008005777581613312 0.19997310810257907 0.013694536801295657
0.07235040240742904 0.030816800946716717 0.044664020152750616 0.491545729389447 0.06677180403168267 0.059285589681222634 0.008771064733907553 0.13002460108988095 0.07538712093446323 0.020382866632499518
2.976414273648169e-05 0.07552501153693164 0.10581243541280126 0.4116271176040396 0.032928839943449105 0.01090070334429956 0.06665567071899783 0.0944872579269041 0.09795219082500821 0.10408100854483235
0.01614145564938147 0.03958971804337208 0.050062710924383406 0.06044142331385258 0.47629127622146356 0.07484938468627793 0.02818490078511736 0.041187296020819296 0.1736819585945049 0.03956987576082747
0.07813439482018739 0.004141775786927596 0.0855539441843918 0.09935543640619116 0.44542226995000483 0.004803622484495339 0.1395418522027377 0.03228069545477011 0.054999328161554346 0.055766680548739844
0.01638091430674329 0.0779879515204171 0.03969579400350814 0.0011905604585173766 0.5986207334727539 0.1608958715578896 0.0007080690558574327 0.003121826752510389 1.1971663870018784e-29 0.10139827887180279
0.01945263566570035 0.013381587574580018 0.08737857512305217 0.13656679155399412 0.4351047056391899 0.2203347104622868 0.021142977851731064 0.009588825990279135 0.045059760299433045 0.011989429839753488
0.024810308707884643 0.04900414580401415 0.05437850330656655 0.12248195081053238 0.46094949460144824 5.352434521363649e-05 0.10936548892249742 0.03785853425904083 0.11926692958241146 0.021831119660390755
0.007038291102118436 0.18679981576327817 0.12225701890637472 3.1867372472741833e-07 0.003763370639216958 0.4358707760206227 0.03254436794375447 0.058481264110615806 0.05114383649829305 0.1021009403420008
0.030755522943787156 0.10487891109371347 0.022607462489831115 0.13522458665618056 0.07064285297092107 0.4904555588135421 0.04064579354635713 0.018255259798518143 1.0543186668370442e-05 0.0865235085004808
0.048943701934132854 0.09537374797783281 0.031357599835196676 0.03865236734726482 0.02733477275963724 0.5905914415559251 0.03531079494297699 0.09138487470528321 0.01226412424965062 0.028786574692099835
0.00036924755683161577 0.05113660529211058 0.055801148832522296 0.02260387283000227 0.0407366561017879 0.5705411768216405 0.10216003852849594 0.049022591864425716 0.10758156760675971 4.7094565423215817e-05
0.010323120891493951 0.07697461686530167 0.10379803625574627 0.07752893836822948 0.00012451212734796216 0.6267346946822345 0.03657411731355252 0.014129397815430838 0.02490624539253397 0.02890632028812887
0.017394098268764775 0.012179294087732247 0.052422073906486455 0.03166801767264539 0.060976633504347254 0.030154180881910544 0.5959276166372952 0.06277488667704398 0.09132302986156594 0.04518016850220802
0.010145066983739348 0.11394185753189691 0.103926169008907 0.03104595286417976 0.02580246274740418 0.08094665989679703 0.4521597668996389 0.11203665137423029 0.06458016751435794 0.005415245178848755
0.051787465339312395 0.060478118411515194 1.6862288821425823e-06 0.12257768498265463 0.07126875827971269 0.0775573615111231 0.38441441624830286 0.08960242955345742 0.03620940774649122 0.10610267169854831
0.10617589553024828 0.006925336262683132 0.017390969240339123 0.059711183088448194 0.06530266167283955 0.031741140808128614 0.5272379106393966 0.04320886315810209 0.12504466301167408 0.01726137658814055
0.014939267847974518 0.017701443585004372 0.14578719629350198 0.040370215395979424 0.13866545354596888 0.04579130496063052 0.3537007467248617 0.001747239238813177 0.17987413199436106 0.06142300041290451
0.0406339636466857 0.04076895194470212 0.08890387843824976 0.009268196274344059 0.05205215214293326 0.029035532538600632 0.0362870151556176 0.6014063707994554 0.016455823604036586 0.085188115455375
0.13402950419534562 0.03740890485505703 0.023222104674574598 0.021215916865647413 0.025828237893507324 0.03950533862519248 0.10005403366520374 0.34580744621068454 0.16444822091182756 0.10848029210295966
0.05069481452882703 0.027805830025192064 0.09795830482714474 0.03823321384654406 0.0029443626270515845 0.09640831999855838 0.05693117113833979 0.5099721948518066 0.04036448416802356 0.07868730398851222
0.04440200710597727 0.023498322454810046 0.018073582008173574 0.11943408926335293 0.0606626134547931 0.11622939786124885 0.034679403486595234 0.4888945437327476 0.022732949286461197 0.07139309134584029
0.013250310755732835 0.05674669903956004 0.08661489431469029 0.0040622147832116914 0.038463380842758306 0.02139361065426535 0.06975884396382881 0.5822826533812551 0.05472728559587707 0.07270010666882028
0.058028914314327815 0.009892727481549544 0.013398972444931854 0.04238804823626245 0.06701516841257373 0.013535954846632139 0.03897730649907245 0.11527262831295589 0.5086222466465534 0.1328680328051407
0.011104322432074602 0.07367930719978706 0.027067544469070934 0.09369371435780091 0.00647516247893354 0.08779259011665197 0.08451046911914621 0.00042357260024968713 0.5771070926176335 0.03814622460865155
0.03673571734075382 0.03716711036708619 0.00020924875871512758 0.027465292614090198 0.06450805079931096 0.04989387181942774 0.05392706775493781 0.1626510742638448 0.5534380225765829 0.014004543705250398
0.11981569666081686 1.12824045659405e-30 0.0503436178653818 0.03565769052346732 0.0715191027608447 0.10914247162040194 0.04393861982191486 0.08315311357044197 0.4632885100529492 0.023141177123781453
0.01709488386241033 0.07605596054184574 0.08259259330582679 0.03890950306293616 0.10111858542947123 0.14531212874972224 0.10025379150891726 2.4507579500749844e-05 0.43731877267713615 0.0013192732822334189
0.020010133326703965 0.1865522009846808 0.04339225312128728 0.0833690094800793 0.014596006982572688 0.1107595076164333 0.03454219621911755 0.017619095217904248 0.08745429900263353 0.4017052980485873
0.04674975462880922 0.008733787625522346 0.044514345742229344 4.6384955677027615e-06 0.005043030083567339 0.0022893791905575114 0.020901449660170608 0.12496907553905283 0.05451161265398218 0.6922829263805409
0.09537850019473451 0.0396129606812112 0.08503081312728748 0.04513531301640893 0.002026507818315258 0.07064780548613807 0.13536546127498472 0.012002265212574642 0.05974914872071948 0.4550512244676257
2.939271260268764e-05 0.07899720662662305 0.08938518094194876 0.0002489927344531792 0.1327808682591357 0.04683348668575203 0.043664476520203784 0.024857336941386865 0.1681635494863398 0.41503950909155435
0.07023415900416365 0.1791967024874974 0.050655991118328934 0.03159692131604343 0.08104211115967129 0.01675054580132446 0.012588918787043218 0.00019679239946925517 0.09091725814250114 0.46682059978395724
end

phi 
0.028565054884270885 0.01677962994170162 0.025432381227601934 0.019379408384306112 0.02121834526096066 0.01658762837775669 0.04107024492211239 0.027942233276404098 0.019695071061260113 0.021291061503649282 0.03636715852351798 0.016782164572246495 0.014555908465173292 0.024581018948855775 0.030404138377348268 0.026955391212888574 0.022111619202944306 0.02135189986627037 0.020111311484415865 0.021566254884495352 0.025185110881319576 0.005702431189882048 0.0023041600714115485 0.002543117697175358 0.004291030200283141 0.003525513561208832 0.007295770766027205 0.005503028936182627 0.0028047098729619977 0.005137666619918869 0.0005447038095641303 0.003436321205859957 0.0012817879773063276 0.0025604723977993376 0.0003909888236315681 0.0015236611528315995 0.002523347157192615 0.00034025019905474876 0.001855381316703234 0.003925535625618437 0.0011212298862031554 0.0021057715348471112 0.0024769587156535772 0.0002707533655243232 0.0017417686679912744 0.0005530558424682706 0.0017699921714454912 0.0009024542836338593 0.001873813014083832 0.00462901658121823 0.0015861655490611124 0.0012997993958994767 0.0006785089817958179 0.0010865189679140198 0.005181921158112148 0.0029769993430577867 0.008165922814317153 0.005582353264831006 0.00011735833566665862 0.00404350728897205 0.0007475692408157235 0.0008004756959115383 4.208100698858065e-43 0.0018719971726050065 8.087287579777887e-05 0.003473019644321941 0.005859670397198126 0.0002133244118000423 0.0020273102732700347 0.002850960032528672 0.0024558545348680595 2.6398789818490636e-05 0.007307077378069685 0.004043411630664158 0.0016552322203292522 0.0004929865180892017 0.003245446741052887 0.005431984740931042 0.0025661429536253206 0.0058759727882628145 0.0001673882763278535 0.004400489322798618 0.0009585117890793838 0.00522804635083765 0.00400728559682197 0.004618344338606486 0.004888611617165442 0.003518427139268155 0.0003845974131410159 0.0024297272549346346 0.002333294355642267 0.002060898363147333 0.00020996213624486883 0.0006591129719574069 1.7868187525255628e-06 0.002572376029208768 0.003815236516876421 0.0003924378880298581 1.0225489132397977e-05 0.0006598405593204226 0.0004033114317662341 0.0019870821099397607 0.0025664768656587524 0.0026451307490320884 9.230165495631109e-05 0.004057370809847095 0.006804003534052183 0.00723946109758878 0.005352100235228307 0.0017892753957180552 1.4114937180113723e-05 0.005375735899179716 0.004345557227793065 5.2971315548173154e-05 2.9651934739354847e-07 0.00863032315097212 0.0008752320075091591 0.007442477305433797 0.003990627815550387 0.0033418906425369465 0.0005451370858353875 0.00079057124665061 0.0028918466224266614 0.004473502624524015 0.0012219301860822086 0.00117664462042653 0.0002374568973424136 0.0025073295054870506 0.004283012925666903 0.00568888667647593 3.1231041524194624e-44 0.00019342260600185116 0.00024453523577295616 0.004163507314259347 8.254534515943122e-05 0.0022145156428560525 0.0007401074360414466 0.0015087819717440022 0.0035439402450211767 0.003963184742882169 0.0017825776803390013 0.000128224759589012 0.0011394130318448468 0.006715885033249548 0.004055574651705512 0.0024999595045368315 6.932308620908902e-05 0.0030220925784044408 0.007433380793465685 0.0025082013246565562 0.0024194721027143164 0.002470300714247459 0.0006910456378188433 0.006017260663523911 0.0015977799731644777 0.0031753524439433697 0.003002322003845283 0.003537419134921652 0.00036264345615509515 0.002139479474186112 0.0040780915003237415 0.00277073722695144 0.0016654727518090307 0.003670105955007536 0.004164167794939255 6.641186239258264e-05 0.0037624320433193954 0.002984613458141255 8.13342411448058e-08 0.0019788149364937833 0.004632104256372371 0.00229239273570173 0.0011494914635511487 0.0018281224238158827 0.0017440630428260438 0.0059050844133881186 0.0024158234818302503 0.006153872617459291 0.002571376366952877 0.001713492948097 0.0012338753006618235 0.0006330247553518418 0.004845048211022283 0.0029414587700416417 0.001299879078535518 2.497390595176952e-05 0.0017619760810770244 0.005948960418646279 0.003933051697241536 0.005687044202694608 0.0013760095101759471 0.00856492925920014 0.0014721461156239882 0.002312774368090988 0.008454516821953155 0.0043678535290185274 0.0018169853467829495 0.0009562026666856839 0.001050816148960601 0.0010895803329036195 0.003522363556967735 0.0009560711657120459 0.0034980247975679862 0.0005509196417022624 0.003937418303736858 0.0014104016390599798 0.002475387435647726 0.000796022254898675 0.004936360147705786 0.0024257729686887807
0.0030074657311699644 4.7142761290573794e-07 0.0027782319300362745 0.00023551846856930685 0.003382018497316243 1.6861635059714809e-34 0.000872850335416441 0.003171997524012249 0.0007614436100966544 6.756105933067377e-06 0.0002567913967526068 0.0008380845791676804 0.0027127243155837845 0.003522214454627466 0.006751607637134395 0.0017170055409544225 0.0010318914157707347 0.007131028596026675 0.001213796249298326 0.003437219380962491 0.0019350756203956906 0.028622256386279996 0.03119936732366863 0.027504391680551653 0.023278884866618117 0.023415222203563988 0.02743625551307151 0.027004631071315663 0.023067455894125573 0.02866773442144829 0.02106863187215866 0.02419082049690393 0.02321919377745746 0.02304006274064177 0.025293804915106046 0.033849184151086016 0.02235745797812973 0.022566648582454944 0.02728539488766942 0.02322000861198971 0.02278935776102944 0.023250548575858503 1.3571120767386184e-05 0.0015407108359133535 0.0019326034032883578 0.0007557210590972115 0.004176486107066096 0.0012327910488935904 0.005175273758502495 0.0007352286000393135 0.0008887951870852025 0.0030685829120779486 0.001935671546012147 0.0022321086463527053 0.0063222253195029466 0.0035297285312823144 8.940042137171898e-06 0.0037534657953296703 0.00982315015555671 6.886689510257154e-07 0.000519933702270423 0.005702533471520883 0.0002788578260339842 0.002551096164207267 0.003376865061054407 0.002001643422614904 0.0005428035693785591 0.0006913610630164708 0.0029591671956211113 0.0003109548969917448 0.0032715650473347244 0.004168621171787909 0.0001509714300137821 0.002724075450692531 0.004651804779199048 0.00042548668523901097 0.001103236219205477 0.0005086899850823601 0.0005097715892038234 0.002375443279966441 0.0008661827688592063 0.0031889026604590316 0.0021424090433023305 6.962869136550919e-05 0.002867784907372939 0.0055604834519506745 0.0019532577143385756 0.002636083984583129 0.005142524373192036 1.959272126345628e-05 0.0007417034938963514 0.0019322268355797842 0.0004304848399473653 0.0034799415297183086 0.0067789131781113305 0.005991285975838818 0.0035308767833169617 4.455522911532157e-05 0.002803535084550405 0.004422369909530694 3.029276636322932e-05 0.002080833237416386 0.0038461436932435496 0.0003404891472805473 0.001653131498970166 0.003013521795751463 0.0022767821962994907 0.004849777604726666 5.0660832658728045e-05 0.0013543577426304802 0.008392317185945014 0.004764888276439253 0.005663831140339619 0.003300333124214698 0.0007300335758002814 0.005358335284519658 0.0008580689740283142 0.0061515114477872215 0.0022640465350802627 0.00012026067823792098 0.00621075932560354 0.0008366497205601314 0.0052120855401948454 0.004268172969081702 0.0017334297253623157 1.1835040788338438e-05 0.0018466099115648882 0.001491061892877838 0.004324239114418041 0.002917350650295234 0.005444408117371679 0.001501890337023115 0.0016000669433515527 0.00031574528909123487 0.001199977669928376 0.0009153344880154196 3.0876436231729557e-81 0.004565639742794087 0.004587071221743473 0.007691967447731608 0.002759692763957824 0.005751339112556529 0.0015458960998486397 0.0005307833800337977 1.162269265317587e-09 0.0069547942163968235 0.004965554654825227 8.244874768529868e-05 0.004226047291759007 0.0017931009360182461 0.0004804537886832876 0.0014120554705692786 2.738040503660028e-05 0.001850482006333471 0.0033286543282556543 0.0009705333518477509 0.0004057846231186778 0.005757682106476304 0.0002838168456358138 4.058350889901968e-06 0.0021883651319956664 0.0029027608989720473 0.003793726097196222 0.014712514348509719 0.002404631888725657 0.0002720559065601808 9.441593858601208e-05 0.0015667189111827314 2.195521792958933e-05 0.008186121893226294 0.001374520894362589 0.005514633951557893 0.0005245933205888287 8.75086139579322e-06 0.0059455197452852136 0.004835586693648015 0.0008010349173296995 0.002028419928951126 1.8790345976780887e-05 0.0050276545381402185 8.970068228456828e-11 0.00133180408614413 0.004427877789260575 0.003502011303914037 0.00277052826328322 1.279476068429738e-30 0.005445504276413893 0.005586940431924631 0.0002842694203961418 0.0012854823569046405 8.824917900561314e-05 0.002173632634987239 0.006708019097502084 2.28529919710334e-06 0.002336287866234764 0.0001744694688840403 3.816960099553771e-06 2.7788524009715827e-06 0.001659256119801413 0.004127050696471117 1.907513265282253e-17 0.001209789361523031 0.003935987497124464 6.23544543032399e-06 4.413040527868785e-06 0.0021480273172423373 0.0016692538554183292 1.1070407092646225e-08 0.010536260416697144 0.001807640392705655
0.0029342044074022514 0.0015852073662079944 0.00420348036181509 0.0024402242294393963 0.0002630541815180789 0.004264495931449306 0.0015604870707763177 0.004144974020831139 0.003310426020097039 0.0012923871826166656 5.698470482291133e-06 0.003853190739646922 0.0003225153042777613 0.0005930942758650628 0.007201305542447807 0.008289488923436606 3.510386393780497e-07 0.0020734382874205955 0.000872606397849503 0.003372338176015892 0.0013142600689746427 0.0026292184392715297 0.0001795841536507279 0.006787910044015104 0.0019268471203200657 0.0015871238801821905 0.0053384839243388275 1.9213597801251857e-15 0.0006431225845159235 0.004008431695441713 0.00912104788790145 0.00014694706557897227 0.005483017884584293 0.00032997273834527375 0.0012323265380243086 1.2508562643941035e-05 1.0053725050931576e-09 0.0008352123152144355 0.002843917639891864 0.0005823823215207573 0.006512165913791389 0.0023796543405196955 0.01959108733230576 0.01538801974080344 0.03048798675089885 0.032018806651140395 0.018743861156974767 0.018136029545631448 0.03459643193621002 0.016683736164365005 0.021965990844603153 0.030213900670776415 0.022944730431900456 0.019561368342315803 0.02415613347331936 0.014594574912217174 0.01987952504193286 0.025463788825294754 0.030982373263405923 0.01790370085045539 0.020274759846751738 0.025320006127397227 0.02226118046795512 0.0012200090827692888 0.002547576315139161 0.004603609954299409 0.0002504286467501362 0.00028124004388215804 4.50784308969481e-05 0.0011257762785824499 0.0042155521610453385 0.0032281204844383025 0.003636180686906931 0.007895992102782138 0.0020192579367268463 0.001556368869293434 0.0025457921266031284 0.004662709036108908 0.0015222394039158106 6.729274489578414e-05 0.0005489565109345308 0.0022215194757183227 0.0005352557233213298 0.0018269668869699484 5.176747003789084e-05 6.988060299473228e-10 0.0006492883797685367 0.0020597943704317 0.0014664555235255289 0.004109093212472287 0.005024486405332946 0.0005490183280982524 0.002337979937576365 0.000868287699306374 0.0038161000547606776 0.002035926171904929 0.0019081241656590312 0.0033198284839782693 3.829749203264856e-07 0.008258834855089194 0.008369201576928583 0.0002211033136462155 0.004537101721579474 0.0058716154741961565 0.0008332793788429119 0.0029801745736164923 3.560919304842789e-05 4.062068572366656e-05 0.010462151811647719 0.0018259343392650984 0.0009500188917783573 0.006233331840761895 1.9238720856187922e-15 0.005956165705615511 3.198134357543939e-07 7.554887156905227e-05 0.0004000201226892088 2.095335530115264e-05 0.0017471615365834612 0.0008725085653360613 0.004118910531452718 0.0006580350679651858 0.002044903596708523 0.007426170919089723 0.004769231440136356 0.0010632714845974537 0.0008318143823598651 0.0038223180939796677 0.006491444710699561 0.0018382989402001494 0.010318086061403428 0.0016315490772652057 0.0007533981766393 0.006499362809544483 0.0027771163071710304 0.0045555356770735755 0.005457837723982704 0.003235406146115032 0.004306624118116165 0.002069723280921714 0.0011651308843819712 0.004202022950452684 0.003035415910047102 0.0004695235921464899 0.0002101582079477793 0.0008063711780458495 0.0013679021167901121 0.002653396476980497 0.0007975030121693706 0.0034705171509357815 0.001550277508800297 0.005320247696574374 0.0009581907513345833 0.0016125872450919088 0.0002503929015049128 0.005349980025966477 0.0006187154061351912 0.0002836494702260126 0.0031442712884108617 0.006582618608840891 0.0009561662679835982 0.004909266686915482 0.0018732693248368864 0.0032616219000253543 0.007684752004308424 0.0026647082210124262 0.005206746038033465 0.00861532948621677 0.00012419199405158917 0.009258830337719622 0.0026881136559339753 0.005858262934408678 0.0004533853674486104 0.0018644988533437592 0.004476591862798146 0.0031186766887490967 0.00432757496061166 0.003244439911579179 0.002190282373508675 0.007924783509335238 1.5121771377315698e-34 0.00257122072812539 0.00021864882727301439 0.003565539332974929 0.0021337823340376364 0.005811591352995244 0.0031372698569876434 0.0027907265631019022 0.00011604937316835601 1.965933103016149e-05 0.00211029801473259 0.007380756546500957 0.0007236476500930599 0.0025079605267863347 0.0019360088597385125 0.0012348337150264867 0.002474120950227722 0.00040560560964014616 0.004923410808459636 0.0035847736115183454 0.0018051589177563894 0.0037674398636864757 0.0043846036517333304 0.004945785032288709 0.005291494566167739 0.0042263541854015915 0.0006134506015461487 0.0022946536307039004 0.00011037304743075185 0.003606170369633876
4.925572634625027e-05 0.0023708366367415387 0.004065587792403738 0.004388354173977212 0.007133659224789917 0.00624372366479936 8.836730616527777e-05 0.001940431168817292 0.0018149829975415864 0.0012540745474548007 0.0017427616317588614 0.0014089377205761487 0.00010669882297532538 0.00738441472889393 0.0024098831277479965 0.0028153071300414372 0.0007841850468865235 0.004363314555701033 0.0030504554306438076 0.004065249148407118 0.005448109717650625 0.0006040479315462001 0.0005339590040061703 0.0005709530871951151 0.003035857220077532 0.0037546902853371374 3.2237776717044926e-05 0.0012784341850243656 0.0015292358907639959 0.0018168580965824042 0.00043519280648868187 0.004756955469771406 0.0031013593208413853 0.0018801077387913697 0.002257062361893487 0.0006697287006421576 0.008768799040312048 0.00012571746483918506 0.0015861309693505452 0.0036917436802731242 0.0017786103169157269 0.0006943530310075255 0.004398609376408424 0.0029784646160234953 0.002608296797864934 0.0017096918850392406 0.0011887462801205113 3.879663020226366e-05 0.002956652281112726 0.002391711554113404 0.00449602967838655 0.000560908111447602 8.366992283225225e-07 0.0010975623212960144 0.002062513028625771 0.0015300252472363078 0.0005032578839911415 0.0005561181625691564 0.002346603790229705 0.00020412093334446833 0.0034803972801771238 0.003546487771454174 0.0057867228992471795 0.02408493718875939 0.02269755409172688 0.024151143131095475 0.024369473553430675 0.02666328232228724 0.022408348637567327 0.02167017531443355 0.018271000309940163 0.024725852478323547 0.027922005594015004 0.024067946915129465 0.017650862868766302 0.01635514848412063 0.02065094190523473 0.01724736064343109 0.019679330451452464 0.029010536101996488 0.039727607555063195 0.03088862520454047 0.030761319035306763 0.01861243481339138 0.0006600729464586187 0.010941667211794173 2.477445584306022e-31 0.002098834973259714 0.006450374327273162 0.00431282214708379 0.002883684481866496 0.00023358765412417938 0.0030092174799358053 0.0035907663651034713 0.0021897421966962354 0.0007727393872023687 0.0006445501365998682 0.006330614396965222 0.0003033106536508855 0.0034416283809308914 0.0007852250863184195 1.1729303773960485e-05 0.010168152669909848 0.0015537446340923358 0.0006053661305945206 0.0027356988222877296 0.00049658000227894 0.003439359290575379 0.0022645962714977186 0.0067483040781869535 0.0022917530173957364 0.0008437825591238146 0.0014135027957308235 0.002105818878593484 0.0017924721613178664 0.003289502900210004 0.0033422879418723165 0.001590695841261142 0.0012597482868417708 0.0021033866832165663 0.007727796188737213 0.0022890218682843234 0.0043593580419495044 0.001410702324618908 0.0017985068589628074 0.0005804204790213331 0.0010110074329310963 0.004847564706830379 0.00012894685842659886 0.0027386329978707747 0.0029414242297927306 0.0057333166359568085 0.004085363917566325 0.00018181307929944276 0.0019803548013295424 0.00015840567983730556 0.0002691852995448636 0.006327195625127609 0.00099590090432613 0.002944067315578423 0.002403131799369733 0.00023335365813076896 0.0017871542231213031 0.005187580439289351 0.0013360062104474386 0.0019482382750612727 0.0014692481044138227 0.0006486082608998158 0.0024048600237367283 0.010636747556380744 0.001906644711979778 0.0037857373896712405 0.002187417212389308 0.001211788943039804 0.00042398426021823484 0.0024534685198176493 0.0011918868787946675 0.002253958616230069 0.0014802766505832648 0.0028420375413726034 0.005699047740886454 0.006446903725083002 0.0030136454352404024 0.0033390423587939754 0.0022703417690860864 0.0013946287461114174 0.0015028709513260135 0.0016947446078460103 0.0024999649836928445 0.001187136859292086 0.005940177880543379 0.0004910130819764973 0.0025553406352155487 0.003957177790598363 0.0014788480013125064 0.00689350295404802 0.012299307529789399 0.00260526263638763 0.005493031558473448 0.0006820069065986875 0.002884982043698021 3.428231277266061e-05 0.001142615342140951 0.004877677647602906 0.0013880306935905942 0.002312239926247522 2.351028228796544e-05 0.00716394575517335 0.005926890145378809 0.0005462316726339321 0.010309216155235265 0.002445282754288471 0.003676666110359679 0.00017932422922930182 0.0019145538574346123 0.0017823338998221381 0.00023457970977235884 0.0018349317354528177 0.004547722922288203 6.670691533543768e-21 0.003623872629958844 0.002046490154596757 0.0039842418175435965 7.662152758966437e-07 0.0001817323684913524 0.0033750347698903497 0.006682072426350587 0.0031426330452452656 0.002935563700921536 0.00046308040222359546
0.0047201446238488865 0.003209892641554473 0.004854843858069785 0.00045537066749607217 0.003013017860264334 0.0021899655044770746 0.002615630369427031 0.0031002635356294195 9.593963386753875e-06 0.004570797875979433 0.0024811901033273257 5.5415593193924445e-05 0.0012893721540558202 0.00023665597476423906 0.004769407029034945 0.001414582450852433 0.001362187392900472 0.0034663655570708195 0.0009311401628478644 0.00044969788791137885 0.0033423629889168223 0.0016198814750289954 0.0017478588583058265 0.0004040537339773525 0.0029619687871008248 0.0037516708277037466 0.0001380187139999588 0.0008314015819556463 8.173273809589205e-05 0.001415295535130596 0.0040992963101694185 0.0010677990574497647 0.002347580898311786 0.000232444212333317 0.0008931017281184978 0.0010968048184430569 0.0049840918481345925 0.000504213559517971 0.001979893209137783 0.012145925510447181 0.0008411844935360962 0.0009250871042828765 0.005594320579635803 0.0030497351291176355 0.0004674974063544705 0.0030774308294071444 0.0021756992370738568 0.0007862800788493891 0.0040868271611662725 0.0007360230653010166 0.00799482774008523 0.0034235240633018952 7.129521351054897e-06 0.0032371648759335833 0.004913664981689222 0.0019608511310687353 0.004528798681098275 0.004479786243166735 0.0003293555162711707 0.004446514089975719 0.0033116267967835044 0.0005414075155206103 4.335859682729663e-05 0.00038692873439236927 6.075084630276374e-05 0.0040262270703383335 0.0042197475010042835 0.003100462254471138 0.00017486750503541853 0.002833750230672066 0.0012314822929912759 0.001075033576777534 0.0020229282370798274 7.169804639876675e-05 4.444982279953055e-08 0.00333840315279449 0.0007005850890604003 0.0025050209558849677 0.0008274117148255869 0.001766088123472996 0.002951025403417699 0.0036992975573714878 0.0004141696782421217 0.002327803470087451 0.023513999244720106 0.028910611311893004 0.01768920986988212 0.016944190081263084 0.018064518617192844 0.03412188709737293 0.02246079037258563 0.032496730515335165 0.02066973120769374 0.025843354406483127 0.021358971132175646 0.017971883068805844 0.026512403628762317 0.024200103834389936 0.019503004351159238 0.01968526418989527 0.021609366821794 0.020516885044343146 0.016147785323285573 0.028379450898067753 0.02233218386763012 0.0004543830606188107 0.002740880407859392 0.003070043107820359 0.0011181915307562115 0.0016519925700857864 0.005069917755758932 0.0005444689424847178 0.002570026830887926 0.0006156466871007411 0.003872768424019826 0.006982498457368367 0.008735413686813522 0.0070033069751171744 0.005090979383305781 0.0037832866499128838 0.00801997738265303 0.0017010513173190962 0.0009060082572357659 0.001975958717748127 0.0017797419469670662 0.00021292719609679244 0.001125782341884746 0.002849501085948037 0.00018663889373317827 0.0015910281246561925 0.00425425918826256 0.004494945875186175 0.0026532639198341697 0.004622817260945981 0.00337114710810275 0.0013575018713804963 0.009693233843538786 0.0022136558313627557 2.6582489111574472e-06 3.370903687549977e-05 2.1802553831295898e-14 0.003907459941830975 0.0024859475371980973 0.0022678090060941473 0.006955420893518994 0.003015507822301025 0.004274084209475517 0.009736369330557668 0.002823823911003351 0.003672290245975056 0.008607337056157034 0.002345740960761292 0.0030695810037502775 0.001215556277441389 0.00017643541049040234 0.0016786579884468605 0.005007722190104868 0.004284660078525299 0.004852279558360277 0.00015631884586161278 0.0018554866889861118 0.004272809349634253 0.004590089438989009 0.0028732557804796396 1.469362698228562e-07 0.005110849659823871 0.00235236121225667 0.003850895059556285 0.0034165796657415325 0.0023160508280077275 0.002969426126065792 0.0003577350469025692 0.0015030205745782891 0.004401682043123001 0.002354422889987945 0.005827576380611327 0.0027822278908781286 6.64708025318052e-06 0.006236100247969515 0.0006512431342910024 0.0030612763982857 0.001932783350703948 0.0010263444042221666 0.005742669126399644 0.001565178567261867 0.004074478809612569 0.0007083933970653607 0.007907482192251411 0.0032781944934828396 5.486340900237354e-22 0.0026610317775757055 0.004063766801371725 3.6847158368701063e-09 0.0050166801786153065 0.006477000295415553 0.0017606822049200763 0.0016195818565054735 0.005302747655103834 0.009611302041651257 0.0047674259145352605 8.529452718251133e-09 0.0011419994023468523 0.0031962726537461657 0.0010256801964886333 0.005513801666915062 0.004518841428633402 0.0025345495972374818 0.002203429263846883 0.0013708724234638694 0.004841224255995234
0.0035324558423795943 0.0001113593834369466 0.007765154208025451 0.002987633322052445 0.0013624382594462448 0.003891421702336846 0.00013395261005554775 0.006619086581684341 0.002337284383018975 0.0008848201706856026 0.0020223574259946877 0.0012310869081568524 0.0019472967803593705 0.003015605131671464 0.0032555827237896995 0.0026041529731694805 0.005109017645322834 3.987316943058138e-05 0.0008855006637908478 0.0018820386404950447 0.002316887493988312 0.003131089184438346 0.0005224634074838419 0.0005252338221207987 0.0024564997413504923 0.0029306451517226466 0.004047433622957174 0.002518582593020226 4.0817866033428373e-05 0.0026544223819878953 0.004995821524740767 0.00258543928123822 0.0002664533272630347 0.00012758064779109184 0.003144180474613645 0.005157343954682269 0.0076274542727473495 0.005263766877262887 0.0004947812484288523 0.0029466570386955495 0.00018992628806718722 0.009395798422024836 0.0023524198650734826 3.6714181040031166e-05 0.0013983808302310472 0.005746067292125077 0.00892092913790595 1.5533233353770161e-06 6.781162515773948e-08 0.001276909393701219 9.686127076074871e-05 2.123406365288396e-97 0.0022482360903110657 0.00716930882115426 0.00011687881114383648 0.003259560258186985 0.0020073407721612323 0.0017254603777599913 0.0009059850349645518 4.587561547582796e-17 0.0017564981699243355 0.0006494508408081594 0.006516848552037445 0.005423902142959268 0.0062956080314878066 0.0019163361097956112 0.0027029225805799287 3.761496209369923e-05 0.0002694335333407338 0.0008026778311065749 7.072000517649326e-11 0.004046024538378372 0.0014027340638647066 0.0035203805786154937 0.003746552931559666 0.0020032041194246435 0.0032242088379573013 0.0035472226792172333 0.0004418481281191175 0.0019334608800958592 0.00010015551150572644 0.007247042768700887 9.032321633258299e-05 0.0031707119002476925 0.002898315625321845 0.0034747308643475576 0.00255227564760404 0.0054777206442501655 0.0031463602642586336 0.0009080524554219894 0.0011989474910493122 0.0012076067940363724 0.008409459834314757 0.002375887653554199 0.009155856078427995 2.0394563311396903e-05 0.0028507864063827206 0.002638457615014634 0.00229715996424989 0.0048931110675387935 0.004965915947117827 0.0038952995493305113 0.00022195509610323355 0.0038453332848537355 0.005462893172834072 0.01391015296422402 0.024918325603543724 0.02232025637016934 0.02952647218792745 0.030485729013843874 0.024095327915055368 0.0198823527932113 0.02890590495624659 0.018552657860342676 0.013140850487691301 0.025173571661413513 0.031922256336681346 0.026960888378318105 0.01813028885275427 0.023015368024290318 0.02444148556532725 0.02454379750458725 0.031005888697688565 0.034564550557603796 0.02121006057028382 0.01845356442422319 0.003185099358787166 2.240860652535173e-05 0.008320409505557791 8.391389703937705e-05 0.0019207966767443472 0.001757863658033546 0.003961610457648206 0.00112820876621098 0.0031005060905376024 0.0017891221175543284 0.0010807454478586115 0.0025352946333601855 0.0030329834846297616 0.003668178229090371 0.0022765291519164766 0.0011568010363524567 0.001462613679212476 0.005249101101734367 0.004185391725110439 0.000705239453032854 1.0590940852982931e-13 3.55034231252726e-05 0.002496213808467911 0.0025054513007645805 0.001258222126395283 0.0034007512377047452 0.00017829561658237798 0.0023597548791503466 3.1422265573955524e-06 0.0011157010596441403 0.005230136220705276 0.0057929527168087865 0.0028139459190954703 0.00340765305026093 0.0041219374397985726 0.002495224674840729 0.002530832719072189 0.006120879696900564 7.858747110433455e-06 0.0035678423014993957 0.00405663507877153 0.0032116909689667793 0.004511255625659778 0.0021822533183619365 0.004640691670264513 0.0008701542076432336 0.008519992350816012 0.0012633198618289439 0.0002566680980524046 0.00023132307589512874 0.0062505783972700004 4.951643817510173e-21 0.004627248537271214 0.001504615366174922 0.002118822371673177 0.0007043933935646774 0.004118347843023246 0.0010164618062995922 0.007020920189533977 0.0016383608024862608 0.00027633129538507783 0.0020766133659699134 0.0023280511964574075 0.0001661517996911802 0.000319876180581726 0.0030481549878165824 0.003971763505073567 0.00038823455431114283 0.0004711549755749163 0.0021712378841434394 0.002575613586951065 6.352985312287051e-06 0.004817943019324663 0.0023508308419396165 0.0014677549928850916 0.00042503047830027207 0.003846782947468946 0.0016875001833746735 0.0007874110746014823 0.0025102631926766372 0.0001942288874330763 0.003548100061684079 0.0022673414064695806 0.009366923248423703
0.0010937124454771187 0.006740292646424646 0.00034059856009509005 0.001243773583885067 1.7522980692763136e-21 0.002231362967932004 0.0018975063777336848 0.0031668330187281145 0.004114610825475655 0.00017962355167082397 0.002439010282107149 0.003310917600964158 0.0003944464764471374 0.007804717012875438 0.00027756620878663775 0.0016224490867485198 0.002098791132933351 0.0027532480524288974 0.002809840860980556 0.0012339654632756338 0.005708345009290776 0.002252184044795948 7.93932489304652e-05 0.0011089215381368533 0.0027382214889866315 0.0029140633306059286 0.00028889328902551134 0.003355579827275313 0.0038239738528441512 0.005630448247896069 1.1994471925914802e-95 0.001747842710654479 0.004840052886920551 0.004346333324181654 1.6772757307276405e-18 0.0008552159719293156 0.0022892369195462114 3.779757408485227e-08 0.0018414207666804523 0.0034865810860885108 0.004327173895413856 0.0007331410580841444 0.0051586340463614 0.00551435000532773 0.002465504642522802 0.004054146214194901 0.00010029477260838035 7.431945172999145e-11 8.180244758186512e-06 0.0046808767928705275 0.0036500950665370123 0.004078358254842319 0.002432285912044575 8.75226338810844e-20 0.006579373201078777 0.0038128038342083058 0.008338128652331155 0.0033709595259478987 0.007817767170832194 0.005111035065193564 0.007884927500530391 0.001309049368391836 0.0040637240408372905 2.1456363301504467e-06 0.0015218765386969446 0.0011662719415338567 7.867219569817869e-05 0.002131598993608218 0.00124789224679425 0.0009553797754032468 0.0019683058372470456 0.002795588004737397 0.0032243064952038897 0.0012985477518034213 0.0007392848180552262 0.0005919410621881753 0.00139712527928195 0.0005800435437997823 3.796701448276564e-05 0.00015538438876414571 0.002479434526670973 0.003998365825540695 0.0009702971399394967 0.0010284604483933653 0.0034899546804472367 0.0037773067873011715 0.0030150642055472333 0.0014261478466972397 0.006513857758358386 0.0014517574363755892 0.002639494429134987 0.004379676033913182 0.003256195360165564 0.0028763557871098566 0.005464705306853923 0.00040277679201348174 0.0037195108234524244 0.00331024750657663 0.004825048446910051 0.003084422181088026 0.0012009372097869795 0.0015656777391688476 0.006194757210120873 0.0013556199270929904 0.00020390178160892283 0.0034129240101821536 0.0016741978811585126 0.00303829669190153 0.004070859279925599 0.0005523835300374119 0.0012516802509481997 6.169723156308142e-06 0.00020697208280991185 0.002578056695203744 0.0018142699453614322 0.0011677025403443884 0.0011653812436997646 0.002116058075465676 0.004286917223398714 0.0016736278809460028 0.00012981417139855834 0.0007907087954953991 0.003148156731496638 0.003748485605729193 0.0004715315331658957 0.0038223417675666447 0.024731209312689323 0.022249321846110663 0.02480910922349532 0.02524591060976529 0.017546142345979752 0.028734698815097024 0.03376793957661314 0.029175619893983734 0.016114147039576414 0.02502935894369715 0.018546408409203703 0.027270726541940314 0.02951057888046826 0.02061604804836161 0.019402889100341793 0.026776233014840528 0.027567365969042502 0.02684394463054646 0.020199436484406745 0.022055797006619755 0.03026717844862659 0.00508138899721189 0.0006429510827344044 0.004125072443309163 0.0012196479488676135 0.006985475503898498 0.0018371772515353782 0.002381202265530037 0.0007792980644343792 0.0027781762033265004 0.00554071621383126 0.0031855834081620533 0.002294091076732551 0.0006814445543846809 0.0038369023426209252 0.00047844953080438475 0.003239571007596169 0.0017115519313570854 0.0005960669881773186 0.0006421627565716804 0.003850415397397339 0.0006137707808274442 9.393756445169193e-06 0.001665731482997793 0.00038130270940303396 0.001652315827941502 0.0067634048748733185 0.006875052675718573 0.0005266534313762643 0.0020025140543143195 0.0004296799216182423 0.0017703439274726345 0.002273982305640218 0.0012311795572164297 0.004729939866561187 0.0022579962919433176 0.00364183090995581 0.0017570303407121453 0.0008302804108528074 0.003601778374429971 0.0022263251224758315 0.0001242468264111756 0.004339971595509451 0.004085698848885649 0.004430915215444715 0.0013580549348275162 0.0036626388662809196 0.0024120870540802544 0.007949838554372535 0.005744824693514198 0.005233133792931803 0.003331676732189646 0.0009582205980133596 0.0013424632411871632 0.0033515083956115028 0.0053045427875633745 0.0006613066218172051 2.767126451679563e-05 0.007443301097881589 0.00035804759751054187 0.006414505172659125 0.003825951832423374 0.0008882010719851578 0.0009636162628595043
0.0015087416860944717 0.0031375659972186064 0.0011866793771475894 0.0016636614283524094 0.005934010453543294 0.0004833856348698014 0.005431831371743588 0.0015862372312025258 0.00075246580379617 0.002609472965878237 0.004791571425865676 0.0013857113080170938 0.0002860706757013205 0.0028354040034179596 0.0026565938165729686 0.005632037829768289 0.00016760836782235604 0.0023930225740972835 0.0030412822921340016 0.006128173180477125 1.3507008816304452e-16 0.00043808805015979087 0.0011689525665942765 0.000760225454018166 6.997921065880078e-05 0.00306172379717797 0.0026867641249156 0.0019311824566282485 0.006134344732831077 0.00485219076085207 0.0016122229013704852 0.004764097352695135 0.0011397062662030473 0.0026457884146881736 0.0016605531027828633 0.0023622766892113455 0.0025989526925024073 0.0014034836524461833 0.004908133677406341 0.0024751363052088397 0.0034526937102160194 0.0006946415425293479 0.00010390006310856303 0.0015266429632517589 0.004626821927292861 0.005670152362657266 0.006782134856002137 0.0032845161074850403 0.00214169922442414 5.6129432453897564e-06 0.002721576266821155 0.005577323463732496 0.006209382408189546 2.8412537253694395e-05 0.0036436665403314604 0.0013374561465316376 0.002730996203755765 0.0007300794138672642 0.0032978169832140443 0.0013172287476276004 0.0019102766907843948 0.004462543469630314 0.005125316075330148 4.175604565092871e-05 0.0005320689259676346 0.008398278355981092 0.0026950266958873474 4.419928818217493e-06 2.6935655379547287e-06 0.002130755025009414 0.0031986706327560527 0.0002684065577941236 0.0006710583627417174 0.002075671446358531 0.004824656157209941 0.001023574409110758 0.003139239357322967 0.004049107288101635 2.948751452080966e-07 3.8308314784794076e-05 0.009956607233692032 4.2298475201473746e-05 0.002640246054975057 0.0004824908879110803 0.003056717831561295 3.924988573724396e-06 0.0011201722144183052 0.0033375947304796084 0.0026383161436288227 0.0025757767958469774 0.0002561336283231367 0.0005217325253357652 0.0005270280793732489 0.001570991395561379 0.0059515438449735825 0.0004384206420701071 9.805595810198686e-06 0.00935067104581715 0.0033555869432071173 0.001093798579857698 6.721221365083331e-09 0.005006559902500357 0.005009612979687245 0.0004168367765386593 0.006711891042298071 0.0005621798038525084 0.009209170448576776 0.002438434987494839 0.0033890918871854144 0.006934772321183893 0.0015204049959913883 0.001202013142403797 0.00580047889061004 0.0010927517242495443 0.002250531379213464 0.0010319203904618343 0.000275338646125018 4.219936418333283e-06 3.3191403633192206e-05 2.1437422388553505e-08 0.003268836882072585 0.001430407250143528 0.0014152420349518443 1.5143170074748271e-05 0.0060968834869560605 0.0021239165956491385 0.0030320604143836 0.0012834206942752887 0.001915062259391376 0.0012823862067156623 2.7494872554903616e-07 0.002780642672192337 1.1730945323246952e-06 0.0017980777835297542 0.0008346048210713108 0.001570112073034607 0.007041865102622922 0.002937399673194477 0.0005214710464106415 0.005089372283997822 0.00849122649407631 0.0010219535347829654 0.004116986332543132 0.0027664062068153577 0.002348035942295195 6.5668700228290204e-80 0.00040062338961785926 0.023408199707133082 0.025325309857473926 0.030274096963088488 0.027888857560990046 0.027630351514589938 0.02410739362882932 0.020606246209434718 0.02313829966553316 0.03955641734357433 0.02371448147511009 0.017684417099502435 0.016930473915733636 0.023195514467293708 0.02340183048696887 0.023488505375069392 0.024375794364390985 0.031064144176562634 0.027989989987175296 0.019857730070559406 0.025765116076580188 0.028028718043124682 0.006196007780374412 0.0027494570388346905 0.0021202917808147573 0.0047872198502540994 0.0036030905283913665 0.003916822365996639 0.0023557201590609076 0.00155608987297642 0.007888471802396158 0.005424817026640379 0.0022899698003805437 0.0012660494166018353 5.742891189506328e-05 0.00235463932152869 0.0006593026656082414 0.0006439963025271729 0.004382552921869659 0.005310660023474273 0.0010714071990403228 0.003967861700168583 0.0010968068442497943 0.004762118234303034 0.0037832502416509364 0.00016159974991855825 0.0015590207855154111 0.0012054092529020111 0.005823520228520919 0.0007355204672745479 0.0038889083737878795 0.00265193792895458 0.0017394488158413897 0.0012867907520116124 0.0005172305811937522 0.0013164590998774406 6.015097435695833e-05 0.006429129669857822 0.0016183840468577716 3.782189334138659e-05 0.003156926232370311 0.0004291527536249249 0.0007648901144930684 0.0007787014302689035
0.0013984100070297538 1.0931349668679857e-18 0.005816948013573896 0.009897913159040293 0.00031175188716019164 0.0034604465449642177 0.006017296199871966 0.0012162410921584107 0.0016111433542436236 0.0003488903094388053 0.004817442793835485 0.0008599464873567985 9.437839426063836e-05 0.0040559883447483635 0.002652950843127195 0.0022285328212493273 0.00036401345323375825 0.0018663990289756911 0.0029012129559089672 0.003323452862871582 0.0024350595249607613 0.0025714267537675925 0.0020486772811202734 0.00044204939207940906 0.002067284765717514 0.0018917513754221726 0.0024220028535287914 0.0026778367742936755 0.0017977686202090915 9.678694320465015e-06 0.0052016238202132045 0.0045216899367219515 0.0007794428921122278 5.127034291061286e-07 0.0017145830773717824 0.0042352456544597905 0.004484194089619035 0.0020963900482349565 0.0013497730018669496 0.0005798856635455097 0.007274513787955828 0.00482574793414843 0.00011665035340077879 0.003379125516532987 0.003393488004628434 0.0009207530519274134 0.0007827550683777696 0.00247516863887059 0.0052476250347230245 0.00012245721150491357 0.0005633940311216396 0.007726134951373039 0.006466443260556971 0.007680058000731008 0.001471626859481025 0.0005809135156042101 0.0028978384316475985 0.0009245479238116742 0.0012309454497080648 0.0023293350981681673 0.002596514750087226 0.0071785067108604585 0.00030142149300122 0.0038357283260294305 2.514948274671444e-06 0.004349984042592894 0.009158427585171021 0.0014471459592287153 0.004802896843634607 0.0009718006762377068 1.8011198162922555e-05 0.0016424275367290886 0.0019219678233248548 0.004467713464694976 0.005351109319787991 0.002856395311438737 0.0008702003868049627 0.0005644223646782292 0.0004385350539496711 0.004396584971969485 0.00245161660591429 0.006149431993601927 0.000537501944717374 0.0004405950980488177 0.00106317208388995 0.009121212971316638 0.001447197614070439 0.0007790652263451268 0.0005700727061302842 0.0005833755085450936 0.002912734261262517 0.0025654691050997027 0.0022672025010723545 0.004945602955937641 0.0031933032363224423 0.0006249482228790115 0.005841380239291462 0.0033625312324228143 0.0014496721311595862 0.006855549514801871 0.007054245122776808 0.007851387976776814 0.003929242089687057 0.005358841942387671 0.004028058342687565 0.0004828373112851891 0.0019842056208521203 0.008161804157995658 0.002838741424195172 0.004856304157568909 0.003895095502610128 0.0005347926619505327 0.003892749682093856 0.004973209529120038 0.0022385909706914148 0.005208479029116147 1.1448684092238785e-11 0.004571818263831639 0.001701782473679704 0.009542061511278267 0.0011365583129584944 0.010244322763644429 0.0005588565529320046 0.003359660905943917 0.0011998793243913595 0.0020825094686292315 0.00030098592760191914 0.002347196959227625 0.003921489179002129 1.372137887479169e-05 0.0027714859018322237 0.005216015802929828 0.0026843475846882606 0.000837288984257998 0.006061090749015955 0.001007914577232674 0.008099816361496063 0.001122596280087706 0.0047324665765775 0.000790561177741377 0.000351816029985689 0.0010874592100108458 0.0037286291609310612 8.082524861727435e-05 0.0014551379223724206 0.0006508949015146857 0.00018327433465540745 0.0009253139036545307 0.0015851898140210566 0.0021732578682255336 0.0013691509808319252 0.00022959870768829758 0.0004758296268227928 0.0036962436321462404 0.006546764102400027 0.005670504515246517 0.0034414529909470907 0.002917704713923452 0.003621106054202391 0.004486923750635945 0.007419267373902514 1.6226362837266912e-07 0.0007765180059439117 0.0020709552604880497 0.0021560741150265872 0.0052915645849934915 0.00701163372855895 0.0019134752598676049 0.023058349641900296 0.020908408921310486 0.02144199827717043 0.034622192054477474 0.019135898699709438 0.028736488383599625 0.03163630844637628 0.020106918401922986 0.01943755674390537 0.01936445634792005 0.017699164083716166 0.022851153689039057 0.023052583780672202 0.017458621671407396 0.02878306210533786 0.01935720735015895 0.023704637872087625 0.019503448066995843 0.023176208913986602 0.0192718409845678 0.015064355577330966 0.004962890612197431 0.00011568678325136072 0.00023706342153913712 0.00300340593859597 0.0030121533225612217 0.0012879317131816812 0.0012447792963781559 0.002952694966737098 0.0013197090303000076 2.4259430370809633e-06 0.006124704558177856 0.0001369220184966787 1.257191115997952e-08 0.007069383706360826 0.003690578210093141 0.00548671149210597 0.0016764661681300005 0.0001704520072922305 0.00045052871903935356 0.0037706647001802367 0.0006905326746939867
0.001004011730423839 0.0014453718147082008 0.0012384727819770797 0.0002212653182770061 0.0028414572276536255 0.002064690455578934 0.002078557851054478 0.005761517189510963 0.0005862753036961793 6.862201698591785e-08 0.0004007914840393824 0.003076996876436956 0.003999585753316734 0.002064347205538306 0.0021483215904915935 0.005857782826627721 3.7722865034128437e-05 0.00015361777484385283 0.002821661893383016 0.006003711279442289 0.006420503132749536 0.0003788765907199716 0.0039392219938247 0.00482646007484301 0.001381031151809838 0.003776073424766413 0.0006079824503073704 0.0003108132790257905 0.005012594837159878 0.0043201509490349566 0.0008862594502535379 0.0057738588041710654 0.003849694838117314 0.0018372673803091653 0.0010910503264820494 0.0038924052135351993 0.00324785682617674 0.004465617890939214 4.387801802776502e-09 0.004501807931760412 0.0004944073049146213 0.002043649142769955 0.004239671060036826 0.0019962695746154643 0.0014126512607303572 0.0036128551361801283 0.001216483689020688 3.625603294506989e-06 0.0026363134196195357 7.741754249852506e-20 0.003061878328718359 0.0015036807782452036 6.673039644922279e-12 0.0033247962459587448 0.0029529692719244705 0.003397973645641066 0.006533941159895179 0.0026119175873166372 0.0002019115210432063 0.005053635684256451 0.004472009613239312 0.00519163636457134 0.0058218255006735236 0.00787509001152146 0.005306794598760951 0.0014044832586234256 0.005256077339690466 0.00016873168851300172 0.0032566020552097356 0.00012146762697737966 0.0018540057352015396 0.0017320983851383828 0.0027411342231624023 0.0006733173762201567 0.002908916778077198 0.004473629417317621 0.0009648366664194701 0.0011815662323246847 0.0031467794736560442 0.0010172416735322494 0.002016290716248048 0.0011762556799713292 0.001659835447115874 0.000570816276495789 0.003821182540932094 0.0013063207954498797 0.0036510839189769113 0.001050947086773726 0.0031295482334011094 0.003730053542331749 0.0053821315849018145 3.1394208272619787e-07 0.004755120128413503 0.0013876540376857951 0.006083267368782326 0.0016035630542503006 0.0024306491874043082 0.0005820370219458201 2.306912644242277e-06 0.008732882484703344 0.005595158504208489 0.001109324540324214 0.003705649367963453 0.0006517729357971703 3.4683607839509763e-05 0.005198090931830159 0.001805202897967555 0.0008740515653164786 0.005306606907136738 0.0021868346494618883 0.0007676172939026911 0.0019186793977216887 0.00045356054661584605 0.001779034743414012 0.002586809887540033 0.0009197039732513734 0.001418849162756555 0.0021951957769542627 0.0004911038875318166 0.0011526927448043999 2.971906083712318e-14 0.0026896007661239845 0.003841104084070259 0.0038017882635470136 0.010212719067731297 0.0017111001347494329 0.0043964155087139 0.0011100649062350885 0.0018487079982719389 0.005653606118740241 0.00208767943658567 0.0005903958657501315 0.0020891812774975396 0.0007501186849889622 0.005288787552543473 0.0020228391835319117 5.598608575814093e-05 0.0030367232768195723 0.0022093092761606608 0.0033775943124772427 0.009551362171084647 0.007407560739306885 0.0011024389347582767 0.0027065723393760095 0.0022018917126579753 0.0010859705462807835 0.002176159982994412 0.002316173730798893 0.001362363046991498 0.004077189108691477 0.0019412810581350807 0.002463962980138508 0.0015558755688540222 0.0015601104623126623 0.0005089514370805531 0.003167547773890502 1.5170766136136468e-07 0.00113859332553205 0.0011750459079666756 0.00023596569785218815 0.0002340287006260347 7.116408153205317e-05 0.004155156829465071 0.001384237421498722 0.0029323511860883567 0.0038776795061878973 0.005067999449833297 0.0008446505019473664 4.736857523757811e-18 0.0022412536423954276 0.0012269666724963235 0.004636729035938945 0.002664479656933898 0.0012568378753255551 1.2144890697188515e-05 0.001640464805018687 0.00265614376797992 1.5428425462041983e-05 0.005188048955985927 0.0016612079423291423 0.0005297850160542032 0.0035039494019366473 0.006076964408179918 0.0005310322684439269 0.004081006764862409 0.004978511488573925 0.0016723739911365797 0.002067284480700336 0.001974802464174375 0.02524953494136605 0.019394578764227358 0.03240924470354751 0.022072966627858175 0.024287758326427225 0.029364504164627134 0.02261798182853424 0.020409823804925308 0.028293035172321415 0.016957655847854067 0.020762807141307713 0.02179582363538161 0.023859498899748113 0.02645169552018037 0.028822551015329535 0.026255523654140394 0.02598134093295009 0.03024170586695456 0.025368146255843722 0.027059317351657293 0.027237415379950343
end
