alpha 
20.312084192986166 4.59753626250314 0.8558891963203397 1.070849332668311 1.5794412023269733 0.9223188612185462 3.151279600620824 0.5622307848016378 1.9616567330220218 3.650542083261569
22.468083001910188 4.370290147370371 2.018729553325186 3.770758074251546 2.9549942316518365 3.382776888819532 2.584791329893528 1.2038862471322838 2.9602432590519525 2.622394268101056
21.530278438869413 0.8100754412188599 2.563729415203056 3.5895800862001535 4.115442945204004 0.0777735555442266 4.34010111863666 4.008854841825192 0.39805899302016445 0.12934149132900474
24.489365912000906 1.6826381256747975 4.812331458696505 0.9856502867463507 2.776933559770714 0.9766887041663452 4.13889994728493 1.371743424734448 1.912580688140752 4.649375191652212
20.35467886038446 3.3888708108099843 4.168559577174641 3.1166720913822576 3.7828599258552638 3.2672590143090767 3.5973092577436994 4.312535615583251 3.0971709604052955 3.6928440156039772
4.149642815396032 23.78839489309905 2.3681892042847403 4.117489211626932 1.4206508281480446 3.8796123398060978 2.4673658481551293 0.7941783663694452 4.619276068511205 3.62253211078636
2.1282112827172255 22.50539402499278 3.9288551435369317 2.126756103957585 0.8138376252461232 4.752019069318151 4.132184182316921 4.940877853757471 1.624705798215293 2.2207554743926283
1.236574194788182 22.414021666956206 3.341328979422639 4.703178830991374 1.8305069683283082 3.1304230869614753 4.812120192441023 0.3124489379423795 3.6827522824642984 1.2284373118737013
3.3721134642556017 21.520258634132116 3.109585100077976 4.101235833496698 3.465358886739793 3.2951432540042287 4.742174245810982 4.171853580701094 1.0869126157761495 0.7740086494624737
1.0826438627017994 24.794533511677486 3.7307976295083773 3.259762215835791 3.8985702742035553 4.322045874062107 2.4969999045725366 4.321270761373374 0.027029903144054068 3.776413012547539
1.7402801220360753 4.045895790233755 21.171358919645865 0.8104172945812127 0.3824669143911369 0.7723728979931521 0.8390326880029714 0.2292873028254333 3.215834487935906 1.9695849705170287
3.9198175410048264 0.17075411920852768 23.642740829241326 4.513493826696711 0.9514993815223122 2.826287719356893 1.0846163903235229 2.342848468642209 2.7285778870066935 1.701451448738328
4.916365110227155 0.4674210088213959 20.972179260748312 3.3362269872361257 0.2916934507683461 0.76006050607547 2.8346475526654435 1.7806176365556121 2.3515232827762707 2.353035208105363
2.236223747902511 4.8607058791111815 20.068841441882114 2.1936238250557496 2.9793852440421924 4.985100203599052 4.9505078904015045 2.7712408209434343 1.3354083110027988 1.4777545354556358
1.6316036852269904 1.1718982923061139 24.516246033331914 4.0080729370182215 4.578646856646598 3.374640183298422 1.095105010674076 4.282847682244718 2.2795873517954086 2.828364658903553
1.9566665858196326 0.9673688176576711 0.3604995326360866 22.064348822889485 2.8886450919260502 1.635128139871167 2.046161232623687 2.996825924823062 1.7811970461624744 0.9271352767988711
3.883460848952993 4.8244851844898875 1.8873399082317248 22.820563302251525 3.807994991137806 3.818536570322932 2.56726349537605 3.558278558370842 0.3830539664868299 4.331361021283505
0.616581329451894 3.232765353596952 0.7705304586918588 21.03154051754939 3.334646841138318 1.246759762675416 0.4662208026277309 2.462144785162674 4.790681228674943 1.4764396021336696
1.1356805750012833 2.270712729696624 2.618402126241999 20.68013081797952 2.54542547667722 0.924016788725463 0.4478207972240267 1.7507699318174526 2.337526803855731 1.3678371516258558
0.12266257648223589 2.8538365021630527 3.8837426972527194 20.522896156849725 3.2636193174546224 0.7944361290990426 4.712944243403891 4.140084725893998 3.911307124409753 4.375511950929826
0.8219883015766433 4.430179839848367 2.567594222707326 1.2074357586855982 22.438354868657584 3.6877175017834194 0.07018351345307372 2.687710130923768 4.965567866935131 2.7975551874010285
2.8395976608831104 1.457995616322686 2.1434873023689445 2.814419343813454 23.32566811802281 0.5250970028778329 4.116585568909427 1.6457982987351683 2.2922039261611387 1.3582768495168733
2.191894004477073 2.918517649302917 1.3653125118596665 0.2364669762565752 22.447312768154514 4.587270397947293 0.5016537761407092 1.5694139014385926 0.010474978351831532 3.335064664211097
0.7958517463292492 0.9522302236898067 3.936094211662163 4.4988844172458595 22.284104356166733 4.121547700117525 0.11127298308535816 0.8899830123684765 0.9569095824666224 0.4621086995654611
2.9117552847050128 4.865954220944598 3.906671633731377 4.474372047329755 22.734449383659815 0.7344852123295975 3.34903967758531 2.230936050872083 3.4042972522056703 2.750655004253661
1.4157505950352156 4.974724711846881 2.496432880905922 0.12445689391070047 0.27016144954074006 22.122203722788374 2.389591593449304 3.088274813130404 2.1859826403820652 4.6227392367880915
1.9284932166497049 4.836314855253016 1.4745754535007682 4.3152096517421334 2.6299575254688574 22.21978810799486 4.154149174874521 1.9263084231379701 0.007272538971669906 2.0585353083160434
3.5763670515164407 4.842386684139644 1.9061291989219549 4.045719817050301 3.048907631394572 22.803695285996504 2.6780336950343964 3.63002258724521 1.468919959148927 2.1946026888727985
0.2101390189981367 3.934651014220739 3.1632594149095956 1.568625463407129 3.3130797244445374 23.885079804269903 4.715098875886074 1.298525675014814 4.398058031270359 0.06409929246721513
2.551439471269963 4.016441093847957 4.71997793918652 2.1431830010878024 0.7320597978429028 20.352732584191717 2.3565081983519405 1.9392131630596317 4.591274069604372 3.507677581659179
1.4044143235506257 0.44953640250348037 2.1046960939915156 2.790941293972401 3.3711728628644604 2.9803055916662564 24.24914686987677 4.65382859811685 2.8324364952042465 4.787983043411089
1.900303230832359 2.819178020447656 4.254613594130375 1.4264700253189322 2.8640092709470126 3.7710841325415645 20.816755053395898 3.8199400001095074 1.7049798556227995 1.1440416381050462
2.0977106345158876 1.8776239042939076 0.2683511614598627 3.654280487475883 4.24728230486331 3.6294770297239993 21.753627178154805 2.934920322716654 1.3414333921057024 4.754117836603725
3.8564543492300256 1.3968122019611195 1.5212696644158337 2.0974026649076443 3.9841618013322493 0.834046069531455 24.50683188503097 2.519699063845084 3.7487812255696884 2.2883224473637838
1.2351097524080445 1.1396427067491692 4.649815301079181 1.1494314271124073 4.586952231609364 3.1601594762737806 22.882911244200695 0.4480410199614271 4.982976338846926 4.837733482317156
2.4636397968687684 2.6683571336253484 4.327025625270501 0.5218553785496299 2.8856171916276607 1.0290972669919696 2.8601042430686388 23.992704011220297 2.1835592140627957 1.428301630916855
4.973155505184269 1.190221136098707 3.8163543942252303 3.019472954731288 1.0522346977605757 4.079836200177154 4.870236941662068 22.168623275087487 4.440517730072157 3.572134217130494
2.804222417739906 0.8055726173823929 4.266791546209995 4.494444927572202 0.6025432809959086 4.119627470587761 4.068959842632811 24.048104295001956 1.1997039211165834 4.352949567044631
4.394306133721839 2.8779960148830135 2.1254947170377148 4.824983639605194 4.43711741753517 3.648982227311371 3.146348637515467 24.82586398035256 3.22848537525231 4.526088750343623
4.101477885399687 2.9522600510609607 2.4000897097693885 0.5776455193052665 1.3303473599204607 2.4007313328742024 1.812754042261691 24.24997747406694 2.380882591875225 3.9113023868763537
2.6711011986601334 1.2502361949890317 1.3303836329867997 1.2590238715278579 2.4100158277121526 1.7364367626025796 1.4571572935010408 3.7492308696568277 22.701178216274144 4.267182065928704
0.4780269676831217 1.260211705681999 0.9726138968836046 3.6368791076010236 0.8048100980139744 2.861063861401005 2.8351584545036284 0.3301151756265852 23.53740329775192 0.8825851639302346
2.2947467740738836 1.3068799470325048 0.27502015270121416 2.884545584432787 4.254123969366976 4.745027455734495 4.311763047643475 4.873890663834905 21.395947765951867 0.7968545244742831
4.1573010771831855 0.007908505568891 2.3648091482885403 2.627739547968683 4.461533659934414 4.370108521517464 2.4777542297274295 3.7554494330901473 21.34494691123697 2.615869173701386
3.947971287597153 3.0590878221463527 2.7745029263127674 0.29876585189573424 3.4190112998472486 3.515229669736925 4.872379433005648 0.15723791246659458 20.76814034213119 0.11881419467723697
0.2843211541277407 3.471485024628187 2.1480752012917934 3.531624387986932 1.4527482867897272 3.298022419634074 2.5897959163518696 1.7560964530076113 2.099212109146164 22.71842662433558
1.9132773671454735 0.6977700445735652 2.931200726836158 0.286450676251615 0.7606191847510274 0.8400635338297363 1.224896841608973 1.0871128955004061 3.1847290108605417 21.28997914225522
1.4460699638391588 2.1845357112179142 2.6878475639155215 4.350492144764324 0.8091209494903667 2.871130527060322 3.6730089473058074 1.957111660531596 3.778820280340123 23.491586689475017
0.10331079190364356 4.731755212886792 4.336577657298709 0.5666970070239513 3.5535843310215833 4.470846440658171 3.5636999317459 1.1909971391888763 4.591940095163798 21.417003018626794
4.099806688357058 3.7758647381323787 4.390679445849943 4.530081384340277 3.6367734071485036 0.9757521685515269 2.4377079353129254 0.8423518903276045 4.571758451185863 20.26477825096632
end

beta 
24.554517226707024 20.120732923630673 23.638774252394484 23.593219733523252 21.679002582002944 24.083349988462018 24.72595499088621 20.69018508387171 22.27006682835559 21.53183415859808 23.016588973481795 23.283814638440386 22.863492071802725 20.728814740508415 24.946270468054614 22.539540263894448 23.821239060612175 21.17425733784633 22.436530873530348 24.75068230600267 22.843953379224835 2.2509842252273455 3.2488074450308635 4.082454135352246 3.0232540629517954 3.941285458136065 4.586408317669758 3.4808957747401315 4.118419282537071 1.8624091694245815 1.132134536571383 3.6955655529339686 3.344008770383471 0.652624699938229 2.0835612633176384 1.8126787415653378 2.8930242106622552 0.7711112005085219 3.5083873780575345 2.0067082088675674 1.4555916733722507 2.0644333341867798 2.630108141625476 0.6340729661143124 2.699580394234575 0.6836254074196424 2.128674927348157 1.2669456214941888 2.2337270052165614 3.1178032451255273 1.460633901960518 1.0912117960328749 1.1515572620883274 3.794922585823446 3.8310298696132805 3.6918480867168757 3.931522038367054 4.315046464388493 1.7890482611317622 2.5545849523926516 2.2318545630350295 0.817352066620563 0.04164256277161549 1.4189834418292562 0.41706788261444194 3.378877006994216 3.757018071609553 0.9555192102795773 2.9164575887971895 4.227632338296021 4.288215285643238 1.0932411407873937 4.7340212955204635 4.75731544364491 2.3982546191317407 0.4921100035001519 3.5415859863559924 4.342746305675723 3.0128656133544447 3.978316482601549 0.7444673449923722 2.68048386686947 3.3575242208643097 3.529930738418421 4.7065837180268675 3.7798247640893265 2.534101070257254 1.7752846576883137 1.0504377004746406 4.990565253348286 1.480400576384175 3.037145094906154 1.0437700494496034 2.3775569149783964 0.5227975054523781 1.4875069408146302 2.2058746509371825 1.2294968355083498 0.2622846829012676 1.0101121082364928 2.5968965961641772 2.431615218074695 3.3297049756163792 1.865179104667326 0.6608574726823929 2.788201160426065 3.4560002876314835 3.9652186673128864 4.393597377047734 3.118976634580287 0.32951394438376136 4.749270437009477 2.6602554859439156 0.2469894341694323 0.20410781035276215 4.9818535032661 2.426160524946485 3.7924621912053853 4.493223998034615 2.6670145081975356 0.9558259917718004 1.7850043764870498 4.399108395495761 4.356991738937413 2.8287436295629025 1.7300199428985215 0.7974223793966667 3.3652646735350777 1.8262374607549763 4.9060158849298015 0.02615287650064302 0.9774923009037656 0.4106726659489196 4.7582442053469265 0.18304876776237544 0.4234038139038776 2.586217394518026 4.561901564915624 4.67891791274711 2.712020874629853 0.6955720840025498 0.9938720571201831 0.815767556191303 3.6494314811807897 3.7267814461695976 4.580170989772917 1.22625044139685 1.2594608416475228 3.867892298877422 3.855509856475798 3.665117794933188 1.9011566103835724 0.6762286204811685 4.698231272076691 3.9064945522747605 3.6152544258749435 1.9763042400927655 3.9144442354175064 1.8413619531392067 4.904746768403416 4.189738575237652 4.1938441968878815 1.1092395888273454 4.703267361821232 1.1779361247910463 0.7049925576481364 3.6938340746459106 4.503663292792631 0.33966189753965204 4.432278708107117 2.8976893864874533 1.431256047088575 0.6449220646239212 1.8747862861292015 1.9692345184246212 4.702343709838685 1.3562694608069226 3.549762660903912 3.4641134317844857 2.979636881017914 3.5265156403734688 3.0433583360095446 4.467687123915637 0.7310075907016994 1.5558567803975476 0.041740186235744714 0.7594855308418819 4.882246542500945 3.4602747410092816 2.2426018936850527 2.062003058950051 3.1010753800764252 3.6832023261596913 1.9179896800148728 3.1437637624799963 4.396282431965752 1.3859310158843097 2.2753420173238648 0.7608968579906283 0.5667342408264986 4.102273470945784 0.8909939629063957 1.9795852177691025 0.9849769705651679 1.48981829267671 4.836155842304918 2.3031997355258547 1.4410078830329547 2.9239122367172925 2.9870817030538
1.6280767664958484 0.2561942923679533 1.7852124023626192 1.6212537953705852 1.3718850351534007 0.00455862738599877 0.4669733655528391 2.3892279836606307 0.9156460616527895 0.1507578286061939 0.6491438998120641 1.4017882184499024 3.7861085976301223 0.6881759852397817 1.3980534561827862 2.8759372108453625 3.257690896041167 4.831921113947491 1.7310579839872042 4.773325468028401 2.9931920863527033 24.58675903771801 22.95707302236368 20.23227789021291 21.455839823924844 21.8717701918129 21.08710165398069 21.167140782278974 20.19407469580343 23.011538308913025 21.70472476341916 24.994107830386476 24.766145303773357 24.043217826019877 23.10922443750407 21.927312350469702 24.400127470831197 24.263047548442792 24.95431863293483 23.536915179719024 22.811327768141634 21.018824849974926 0.28013066497989236 3.278735312616475 0.44026495018893996 1.6883174615297731 2.3265029344110473 2.881595918612363 4.396606280294228 0.9009679456855374 1.2377014731889857 4.200696184495562 0.5063749618902114 3.180353378194027 3.7029213430794283 2.6044054669934087 0.1536730886378329 3.130741254195402 4.992809614117586 0.18576527635634665 0.8058082136477807 2.9410166219166185 1.3823334824632334 2.5433944632092094 2.869062442843221 2.8735205168400006 0.17789147059928345 1.689328903993415 3.9751009530845502 1.882018305021234 4.0079216527517625 3.523364692850709 0.5680400181038375 3.743724249757819 2.627860787219703 0.6461008390731338 4.25434796311759 0.4829222478383416 2.9324207701304172 3.070549052172406 1.232614754986291 3.878617488007248 4.5742689666791705 0.6440136857735368 1.3571049223282756 3.8488247716249284 4.543555735621948 1.260890193384886 3.912450338243797 0.8218639680244239 0.8948380348739904 1.4861827850005866 0.9251058393084577 3.712454190113804 4.634230942212014 3.3281918879155232 2.4129517614642273 1.5000305224870463 2.7763682149423303 3.357759939694157 0.4459963114807797 3.087437964699102 1.3341089162707114 1.4796964350231656 3.1583107831094317 3.3854531481618046 2.569785376293854 3.7916159410160466 0.7105794609568938 2.3480798329886916 4.471405440744421 2.068724876336749 3.701155747847946 1.5829645912838208 1.0990919880742704 3.99252701081265 2.0376881489848535 4.371914279629216 1.9935072849441298 0.7901574295067687 2.564673341817103 3.690850755045001 3.970421636957111 4.066485849277971 3.3406962993265656 0.6000072394613487 2.65185281834595 3.1500045696993677 4.393179147476819 4.535650736731945 4.934854435644574 1.7033236287604798 1.995451869919385 2.303932940854137 0.9051898119117979 3.368324752393328 0.0086917428351041 2.3892899692998997 4.847967806635921 3.6681843496112743 3.2037787228148726 4.965855277291569 2.6335419857649063 3.785820735790894 0.06611398818267722 4.563520918730551 4.171321256105392 1.0867571280497406 4.0476023195573925 1.4916301425816663 0.9127538522309925 3.672132639768794 1.2074923453744435 2.0694004643056467 2.005707133803843 0.5890671571702177 0.29856837929531865 4.422686954897058 0.7939640206683435 0.20479273554384003 4.246713161830317 3.356255243468765 1.5319484046338394 4.963548325951191 3.2252393617751594 0.8163270300158171 1.6122717244028262 0.7445198777965184 0.0784174800660048 4.240545992566699 2.918171918089183 3.666911226483851 1.0536136747964613 0.2539302962073303 3.3640948880631125 1.9668497233391662 0.3380614680961447 2.2656498008615467 0.24899635347246984 4.563704172771301 0.02101285274534903 3.6551495565707457 2.0196553230814116 3.893401448288975 4.025019630498823 0.031190644173416104 3.823816936930174 4.096481982595216 1.0608251236402844 2.263464539385139 1.8146670882671112 2.9516469923056827 4.688759664044141 0.23015817104617087 0.9730574795031577 0.35428449189639 0.6538856767641438 0.06319521471495171 1.006196874758244 4.991678682815951 0.052023531784360366 0.9001512047164095 3.841127959085634 0.5191380232234732 0.16969534774107342 4.704204594303966 1.3778029185127778 0.2905362514605031 4.1868177619347104 0.7738724275263803
1.4175467346346915 0.9172817698153413 3.9641275656934565 0.4761351696478111 0.32356891989659187 3.681309518330017 0.44128551034306074 3.763570895282242 4.298573956160801 1.047143440611273 0.21994952120247213 4.142104465749395 1.0191439409196739 1.0146397344945834 4.1640923308275495 4.44960046170917 0.11248930397502188 3.32862006240274 1.0114030296323617 3.016957099745523 1.0211473962198663 2.5536623634274127 0.6960363807545322 4.28987763489066 2.459013015885091 3.783603991985321 4.591954754255262 0.012191836142838586 1.4429315346524256 4.600624560677322 3.890838713393358 0.41468045684326216 2.26885098834226 0.324784363500224 2.927927172576717 0.19613190431588323 0.24191123068072806 1.6518732413686483 2.597378941364317 2.2258669306245293 4.348824340015021 3.1645231413845925 23.960041575244553 21.844248331404494 23.247445868645435 22.362563254607096 23.446418310964123 23.825227865883022 21.949979127875405 22.243995808180586 24.936650474310987 24.130600762116096 24.001885713984056 22.316739822981507 24.20144138328007 23.28042574969884 21.00768218961393 21.92743577144071 23.123427926819726 21.467083892157063 23.531728112010786 23.028546510274555 23.394767663229096 1.4297401463248427 3.1973813276981926 1.9748620375177666 0.7371147528051214 0.22462002070626375 0.3902980933332062 1.9370195013082099 4.795964346661147 1.4037293796776096 2.748838893808523 4.658311170571226 2.666560197411763 1.438084158526447 3.39103980932967 4.290311559196901 1.252432813351868 0.4182402093125631 1.8938177609540112 3.4013995173739247 1.824233880065656 1.9479107644725202 0.39429476161564336 0.2675444949290995 2.1155865895085895 2.8686061834052623 1.4486072393679468 2.3565752811940137 3.9250784108042676 2.6265659886130877 4.080305859618271 0.49301376626123605 2.9875848756352252 4.176643831823054 4.7738917681533515 2.9644800502177127 0.02510656922067811 4.416794722258909 3.039746848755099 1.414927894037279 2.947682230108555 1.9279536584203871 2.010317602278075 2.1427929174741123 0.08571974212468692 0.8771423323475286 4.906994939256148 0.3136253634390007 3.2963764539242613 3.214950179171991 0.10218555097587512 4.423658964721396 0.2131548538504474 0.4375728051067823 0.7230860417189527 0.671493896366655 1.9148404659365792 1.1691313057226944 4.154941287145596 1.2006480839980194 1.469876007500791 4.717713619221441 4.507205664626068 3.027284848145854 0.8340695279477595 4.156086103880606 4.955241615903646 1.9046561374071165 4.787317229966516 0.534967515632957 4.040429765064234 4.463436257507827 2.086931029320906 3.591929956588972 4.209874229272755 3.3547200562167117 2.379187648180225 2.916228915333706 1.8127116373874212 3.610891045992707 2.9703817864493773 2.017503614215619 0.3693096664115958 2.014604704037148 0.8928622514174833 3.133525513611255 1.7164917587143642 2.880625850825931 0.8331268328485714 1.892021261367347 2.93741916991823 2.7881348206726067 1.0008563619165471 2.2625666610047848 2.0217059401525455 1.413249715267781 3.3051348036382695 4.275029896148666 3.8245579141342128 3.6235256969487164 2.7620897776876605 3.1237930964516742 4.762840972377002 2.443363715968961 3.216498274190821 4.580489452969154 0.7348950804203469 4.660761451732104 2.8999113918734616 2.451157346744688 1.3443193603202093 2.628969831177328 3.97167916513053 4.38623896883535 3.3007698875941887 2.29262678811562 0.386961391881665 4.8317011510456584 0.01955281277089327 1.8136830575053935 0.24406244881863548 4.264543093181652 1.815477650729818 2.7927688022451544 3.8853156514945986 4.425975411404455 0.6059664472716925 0.0548277290479704 2.6846196427023425 3.808544688365165 0.5761759028460994 4.8323124239367194 4.212622044378838 2.885066145581641 2.2151159417722144 2.6395173985597764 3.8651666151819053 3.5811432431736128 4.81715917759413 3.5733845604130723 2.8877127568300045 3.585738887071906 2.884724430528486 2.376783144223289 2.209159252283368 1.851399880523984 0.46517381213063536 3.469834672860295
0.7976658339057463 1.8852327832981346 4.419155554016764 4.625236620501351 4.111469048663757 3.8239560446345995 0.05347525211187254 2.439045206767462 1.6832309817393183 2.3000513333126356 3.007985762040819 0.45052701668990447 0.8320435510228713 3.957239948948641 4.160383987450565 3.437177030755162 2.1715308450818145 3.9619353303135894 2.7141270156369717 3.664792403636829 2.80670745815961 0.5135270596577729 0.7998793644805918 3.3802893634826914 4.21019410813898 4.227231643605423 0.6552713557856693 1.702080099263329 1.368892187081609 4.247085242145637 0.9701571156452005 3.2833151412951485 1.1538429922554405 3.3464177367029073 3.668832291148296 2.5841593443503337 4.078671767226748 1.1366273008257028 0.5557222303099107 1.9718509456516493 1.6791301601812825 2.3393798287272634 3.002972576980208 2.985314220495075 4.664421663419583 4.548156218588483 3.211914336308959 0.8701129808713232 4.640142117028335 3.178901433142843 4.269196233464245 1.2126964401659346 0.27182761660288435 1.244014998112109 2.474396167807376 3.3960820874599538 1.7198569123101755 1.0097416157256016 4.794100628243935 1.083208816268053 1.4498313959358495 4.148275802305114 3.1592314875491607 24.20800859649133 23.83097215303949 22.242354369996484 22.87808543150035 21.321964595402996 21.99929982748854 23.487225610020097 21.35688655934259 20.724259311484463 23.98512601405899 24.022551462337503 22.435472843393 24.217023728509332 22.818648911362533 21.066967863857094 21.76127394721946 24.590976611639555 23.085062359227834 23.794701014142454 24.81274100381939 24.105836111428978 3.5097758362558036 4.971960593286292 0.016434654657328518 1.7122276009817017 4.663798287610332 4.594833000129138 2.1044425666416364 0.45071866123674253 1.0090576773889026 3.9860984698712576 4.220684095207402 1.5704690083716655 1.1072475782565445 4.962233941879446 0.823446845208658 2.004955166612797 2.3090752731078847 0.5658293862172686 4.824819675742541 2.3802090256499184 1.3942659986170158 3.663263748430924 0.40416800463759006 2.7724315922188802 3.6169558116785145 4.980938724387631 1.3454356556068232 2.0855234945971146 2.5848998351590486 4.905687788838654 2.663007408803522 4.595318279206204 2.3945052558751003 1.9990190158926313 2.5297853609324554 4.179325092264868 4.68431308607583 2.5807129832288878 4.394244408022728 2.3851011498159354 1.6710247968579717 2.3203006141552063 1.4063730474815295 4.226272072156835 0.5180307995201094 3.75669282344961 3.1665609143468347 3.6959740122297062 2.977973450413671 0.6483976606379244 1.8706012697789238 1.6331817814680183 0.9933634057295415 4.9991844630970474 1.3152693515450613 4.56929723732755 3.0337911877211505 1.3941890780614323 2.9805460237889667 3.535034182790761 1.930094159886736 1.10177497764686 1.116373339343975 3.442141291702901 0.9344570895257809 4.266287404413242 2.2129826506042893 4.948419672201835 2.253235679208947 2.5645723401966163 1.8020389311982705 4.060290848399845 3.025467826920571 2.258531665115861 1.9925700611166475 0.2740049187599397 3.348044029451697 4.906970511254246 2.1728872440808193 4.313577342588411 2.8987724593131183 2.2034564677476016 2.2240900830745587 4.802709842476288 2.530503079342721 3.065694484849982 2.325382562748678 1.3208972799065148 2.8222438924194924 2.1462675099129624 2.9663815661420183 3.8230277389162137 4.768250225549159 0.5821168844568292 4.93425928925649 0.5590683420661396 4.43529930012548 0.6427416786232082 1.9940674467881196 3.291230408744007 0.8840771111452694 2.2554199517093343 0.4331572257594546 3.8288570767628776 1.5696623114674764 1.4703721282417432 4.817194050319265 2.4962024479870855 2.5899731560644956 0.8831321968933953 3.01365745999111 2.3617589139943016 1.8839222130338495 1.3233784329189402 4.6733809763571825 0.11146416571791107 4.970177781766533 2.89815506136922 4.412073312940662 0.3498869609130473 0.8163946800194505 3.148529018141396 4.0756231328461965 3.4821839312100784 4.777805507168164 1.1531444241009126
4.440863733279153 1.4215214100433315 3.3188031081540936 0.9230993240713725 2.8961260161375217 2.912682443702405 3.735071469737381 4.710281387607644 0.6392203633954768 2.6823694277188395 3.6198619876150673 0.5476000200439152 1.5173229249843367 0.7396871080068762 0.8983643104667494 2.4008035614458763 2.617370905062699 3.531340248527728 1.4345153203946754 0.9615580387445349 2.7830578942511845 2.898378545835056 2.363042265693831 1.4163955217496704 3.5698767960412385 3.507646157179238 0.120638444300038 0.5374131634330664 0.4468379567027264 1.3909993288928302 3.4030873360306724 1.315670678484041 1.6354742163426905 1.6063971100734187 3.3525175007737906 0.5535982513447335 2.898421313148357 1.5106213440255756 2.7691533434663027 3.1233008120663803 2.300448375286781 1.9627161192890812 2.6196835863713237 4.292623175105048 1.0872496797783315 2.020329159726856 1.9188673851009785 0.8111496418283393 3.66928837617108 1.0824766223106268 3.3410386599852524 2.8854863020708192 0.34996583232389855 4.357265783250823 4.092728349431591 2.690138780196402 3.6900861615390617 3.158425321460028 0.6026906806809296 3.2168507640415918 3.3224297951822512 1.5278782186446511 0.19159337288881695 0.6410156008572548 0.7498089228396349 3.252952301782429 3.473245948065325 3.2156817510055253 0.3849927411901227 1.3229418059213156 1.328920360301487 2.0127952778840696 2.7035901080761775 0.5288378921124276 0.31946719327797524 2.1229459121860734 0.4032350699669407 1.031288443841134 3.6936271470820765 1.9134586312855628 2.2429028341099833 3.3297046487896 1.0225079877017222 4.3206830023912755 22.287724809952767 24.588975941693775 24.84683639553401 20.514605562734893 20.766640207122027 21.10488760837066 21.92927148150587 24.99473861607622 24.782231985001488 20.252304452959567 20.180439579432733 20.517602648606115 23.512970475163076 20.886901095390346 21.276622939955303 22.822414262977794 24.20604991463818 21.93659440275121 21.758433814265814 22.751043363499683 22.358825481036444 0.9774214364039285 3.6721577103811676 4.401007137142048 2.14922674519761 3.945660914056477 4.000616873361066 1.850886126435984 4.358231006012144 2.8398615088693853 2.840637448835874 3.897873080134533 4.687437890593598 4.4972378435721785 4.79786408190365 3.33154258930251 4.333531132861582 3.9948749455667754 0.986575447403884 4.1116313155838835 1.580037269225133 0.771135393498511 1.7023507108818925 2.393083240818914 1.2703780664652204 1.076126257296219 4.996448270206387 4.2214285107798535 4.4631681022857155 4.05366930801795 4.2572541482664725 1.6756517037588248 4.159547493090082 2.0248022695525174 0.298987200944586 0.22063222018875228 0.05584127165006891 3.547512359622541 1.9075532106279847 3.127562880926571 4.303992563760381 2.261875689727994 3.0509149557639854 4.600616108271487 2.8711577669418533 4.37816081515882 3.5655614019689623 4.9182554841748 3.3087979928681195 0.8408200578675934 0.7071669509324541 1.6200090174195747 1.6591701693808791 1.8022736198722222 4.107871821837155 1.6781038199883902 1.4330040383072673 3.507288055749129 3.935866233365388 3.7308228436798565 0.3354885271050667 3.4212931193419935 1.8990489155941537 4.759677645667578 1.3321615099380497 1.7849033424796645 3.6529360388108847 1.3886130742605296 2.4094572284263327 1.5015238724311946 1.5068015977718257 2.5477214148428273 3.5152427552342926 0.08996242576172542 4.419250574514529 2.1170878149179124 4.214667156149799 2.276896224445642 1.8524430323967223 4.678736722257966 2.5426619161684885 2.5510127015657336 0.98899570638042 3.4399182322969084 3.4021236767029137 0.03949625719457839 3.719287645594922 3.0597211714212067 0.04403516705379418 4.855502456373249 4.131226028492541 1.9869528639095135 4.894674427763783 2.4512214858679893 4.922085797029114 4.720630919918961 0.16633560291456073 0.6158452560192673 1.9981565633324445 0.3909849274753441 3.4205208160227514 4.218539154934802 3.1803064364158646 2.2812872557782082 2.9645062769056163 3.544543520277154
2.386550951184971 2.2284798103186247 4.642460328527244 4.016969015273553 3.016693478541184 2.1620405830069114 0.6993834583658293 3.8776149616246114 2.0590013361084436 1.2074288437538065 2.0515590799621553 0.9348751049577464 4.767078943234948 2.5892106126936336 2.3703649918204284 3.382600811868046 3.8930948509235113 0.38380113763250234 2.8921129942268484 1.3801573382191816 2.379017257994525 3.264704528292258 0.24445789350893532 0.4040274781579445 0.902365448434555 4.896740864150184 3.284955568280592 2.154620614514393 2.32558701729551 3.30324343108836 2.410082928196128 1.960948592233453 1.687066514675473 0.6841054600595414 3.287271627494654 4.519204868564034 3.9528504534846105 2.4514011813673884 0.3699063367552946 0.6832106547205402 0.13116048287459658 4.616830194871994 1.5595184923658967 0.6212082889231674 2.439008448105247 4.312884234553479 4.209256179891455 0.07576517435023356 0.17244810126134047 2.7283780804125515 0.7550093435643568 0.011417043488723966 2.694619815014758 3.178477807770326 0.9678620487368172 1.7601414591889852 1.3074837380036914 2.5704350217832603 2.2839048732639067 0.19859107834901857 1.7530575082409006 1.2475178354692051 4.793516919370865 3.49400779426319 4.025916850727071 2.6417829227028715 3.488644876051261 0.24956528054637772 1.0855522561820197 1.4903132153697407 0.25320570159330646 3.897651688155304 4.049498207150975 4.839674483822582 4.085307451841612 1.5274189343333722 4.674117277394114 4.405199497934371 0.5365233129571978 2.531863758424649 0.6954482368514575 3.911061505791091 2.3884874683240014 2.929299322084977 4.601208244920288 2.944191594286318 0.7246675250670787 4.850692023182433 1.6217867236099714 2.546653513360855 1.2422436215343813 2.4718165641724683 1.6566501495522528 1.7577080555845508 4.5265667498410975 0.4328816393369872 3.5426854428113885 0.8707698450204449 2.906514407957526 4.483716861541352 4.3537082602515484 4.4400171984708265 1.1421883656791976 3.3782333164319316 4.6144878498834725 23.90761988636557 21.603299604762864 20.934596888127942 21.945837256525916 22.637350730537236 24.497579847773224 23.618598194439702 23.860658080657974 20.636745756914 20.558230230913075 21.412038544596317 20.476293484311253 22.123475832453003 20.897776004432785 21.832751057014516 22.05273783126617 20.568149887451515 24.47412816152435 22.99979777323896 23.905414286034087 23.79804946900092 2.5276805089973204 0.5569761128869583 3.7598507957885454 0.9590454897924966 2.3091099532844837 2.409430264562908 1.540863356279654 0.4454722984249643 3.8987006072231516 1.9073403516392506 3.151442267737405 2.4836299316439385 4.4878387027353295 3.278513379741455 2.2750568753919733 0.8899325662577262 2.7160643756348324 4.820655839975519 3.750069412515841 1.8521355761244895 0.09271273823900306 0.41935239818843895 4.347603118022353 2.7980076622507988 2.0534370612122976 3.416591465566025 0.6223461358867033 3.83915373554749 0.3386102782471939 4.413071307747834 2.912076836204163 3.867981089766058 4.762213217927727 2.560272308691673 1.0946782352799027 3.2002332580767714 4.031680979771256 3.424538298413413 0.32042908643853063 3.889255885532607 2.019624352463394 2.1745955538825346 2.734781530116467 1.480828143994501 2.9502949214497143 0.7843992129723004 4.831882528744368 1.5563064660875718 1.1339459897824185 0.6925134538012323 3.758114257779585 0.08844881358261558 3.613852737399845 2.150927007296137 1.621498200781627 1.7256113654024867 3.8495768215441633 0.8278528130284907 3.84982007658051 2.531475667460655 0.3297690851400298 3.9823635568910176 1.8934340608513733 1.0992433457930724 2.1395625708269628 2.7081284340699883 2.500249808683632 0.6748227748047014 1.2032253634727852 2.5909602981021624 1.6482078905460913 0.23378293389641036 4.404562985240417 2.1706159219254184 3.8808880114520488 0.6102034669357415 4.355357394773043 2.4498732140064376 1.8906613591120125 2.7689505136924906 1.0104563923384868 4.069642528493334 2.343506245190831 3.698442920230591
1.063511211338783 4.845526805253456 1.5012721117323062 2.5977441533117034 0.03792947885244702 3.4056617791912105 3.0915300086724873 1.7540783709633445 2.6400465465296326 2.7737148846405013 3.5773579065141927 4.980798304892781 1.0743356140827083 4.2873105637838185 0.2214944455443285 1.8794521586302388 4.88516303285469 2.6525203074110464 2.705139322669849 1.7515163160693392 3.643444408138647 2.256851778312459 1.1813239116564733 2.0909618176122957 2.6024235140921013 2.1869540357163384 1.8020321823041923 3.552554529755872 4.178027269751687 4.361109571385583 0.012910176024718556 1.5797209129202567 3.827661980819377 4.023987146728337 0.0819367695462786 0.5625432115184681 3.72790062412721 0.23664076923485988 2.269893473213388 3.223023704945848 3.6803994738889085 1.3865073264953547 4.561543586751437 4.688150323699299 0.6587473129084903 4.547019208003454 0.5198682118467651 0.17741373520113402 0.281908523208661 2.152540841656983 4.532177059163237 4.591960175854285 3.3352989037138925 0.07941301716903604 4.568091334580173 4.775465378036966 3.6017059640272286 3.397072209298984 4.9379573683004585 4.33269255898953 4.426135117559808 1.304080159911849 4.561250945670402 0.9247600889640983 2.168161566448274 0.47249963521608984 0.5247534231384732 3.5756859188882584 2.7372763612588606 2.0457394920473497 2.6899960202004176 3.8120724682550984 3.55854516333392 2.000868539618689 1.8361819428328037 2.547838564225047 3.4809179182984096 1.343992751749676 0.5137034048713973 1.6894830538105028 3.097828848962512 2.2811724845516386 0.9852661376562716 4.5817958218535075 2.218168806280673 2.718685282470497 3.5712688219420436 1.2852103177886132 4.943740075780973 0.6927177964523829 4.493730403788438 2.577143390825051 2.8967498068617603 3.4138073807089 3.3910823838423676 0.8279167702112283 1.458567984298515 2.1322714180234543 4.721456360482802 3.764624127347353 0.5307869548198718 2.4048853183076306 4.930524533606478 1.8835953851149823 0.31019777141491955 1.4547909529995358 3.4900296335452325 3.8168234168890374 3.125768117707902 1.040746622965828 2.813795360535274 0.66733595057278 1.5296956257831495 2.0514304770180307 1.5824269833802003 4.090336127609601 0.33522782984320487 4.430475334983907 1.7284958292573132 2.2830620269160136 0.6553231042908669 0.3481724529569036 4.0102964192241854 3.936770091076263 2.78334821751472 3.3778522237000246 21.364233987252657 20.327625808658865 23.642936514177688 24.348867078086762 21.234656118173636 24.104319956534482 23.307039637805865 23.37518763768856 23.71054441425474 24.456010573915634 24.275538553995624 21.421887078335374 23.345069692285485 22.26900892345109 24.381684536413868 24.566675029159054 21.858802958028168 23.566230988289092 23.068516775158155 21.593253370288714 24.30761362557613 3.2583600889044217 0.4930633719677263 2.739564209443416 3.7189536182448197 4.456164354544255 1.8089405002520864 3.375746263010046 0.9964377484767395 1.6350232106754374 1.4923649411701438 3.0762769725581443 1.7878377941530899 0.5219025368013769 4.850927120753907 0.965170071762072 2.5001017806678467 2.270602383649089 3.0128220984403162 4.657193133861746 3.8533520445294673 0.22059830130815805 0.5450083401069555 0.6416225625089744 1.2612039213326942 1.9995990289729297 3.9649327477107885 3.4744787972010354 2.967798895413163 4.48985518017016 0.5164381730281564 0.817167986959273 3.2404756672235653 1.0854115438887129 3.0980481896601377 2.672988121416461 3.5529531972892903 3.4883899649024337 1.7134887153049112 4.641693311550616 2.8441719758472477 0.024533593129651976 2.1454708357219214 3.38397011634807 2.1994588227636354 1.9804380156783514 2.664042781219505 4.300064907323518 4.482962078897003 3.1692891507073457 4.780183369137166 2.7469289240561223 0.46132495442041566 1.1142057209463851 2.8551684191102344 3.8918021882791995 1.572413988049628 0.4050088731596918 4.399051297743383 1.3820676267397518 1.6137757977521994 4.799253778572888 3.013757386025388 2.3011387810057347
1.0122107669488671 2.5022913761003887 2.035796682336745 1.7727991339924705 4.399832774076755 1.6515488542991004 4.633733579784243 1.7307004167788338 0.7779029054166503 3.3830700528566933 4.670230397244661 3.54987490718125 0.38439515385187584 4.031289053407381 2.100202015147366 3.082509322323597 1.0999059026515923 0.8761004500954206 4.376626827633413 4.892238415132939 0.02221518272502776 1.3595222348377627 2.8207705508379814 1.8826734766295172 0.10214815888691497 3.7776796026684134 3.982083548493213 1.7903229490428214 3.559502459699795 4.694893607044849 4.181784792637266 0.6890175500035106 0.43371051114619696 2.9363117823325613 0.2734380481041576 4.1401023600858435 2.705882629628862 2.6343152988084793 4.098232632159352 2.3412063536305574 3.587028698410162 1.5346781193048336 0.7125505808141375 1.3509704574266497 3.457157027644761 3.4947559313757774 4.33707036734751 2.4238350728447253 2.9953086450118023 0.07625081735915307 2.4233090879665804 4.7872111526319845 3.2495308305738635 0.9083988378309227 2.047517751143019 1.7214004485064134 2.936591820462677 1.3655781019433983 3.4169835177010683 4.359202317786723 1.7972451392907303 4.038962823466611 2.364128623109682 0.18280606386768428 0.4602375074028242 3.0012230310334544 3.550039875200462 0.4818422750760909 0.1359156137930373 2.296163810851979 4.504396874836623 0.9619340816838906 2.7125358156162243 1.2055386799352275 4.812512285571337 3.1180777879315436 3.1772381561620557 4.610826334440456 0.11422608457887229 0.1775758640719899 3.3637566660546807 0.7331562190536145 2.688457450786817 1.7612903101366246 3.114635447230242 0.3615854746497449 1.4080943604242857 3.8629153124409688 2.9824640144157484 3.7696317340517282 0.6046034135231043 0.24264107808106228 0.9231002630103224 3.674612054986853 4.316832368602473 1.6321939824714393 0.06198125372625152 3.7569557535189513 4.069284178078485 3.983657758254715 0.07283029293293275 3.5680280457565146 3.946759063793939 0.8935986063602069 3.914953406227108 1.8573300644017783 4.959072291418078 1.3667418069504278 3.766094166191766 4.0849339444511426 1.380123828221107 1.2593509408393007 3.81851826555905 1.7182458869311834 2.228941486479148 2.985288997259598 0.23990099789691632 0.23772043395956788 1.4769993103639263 0.10990101090173787 4.374064638418741 0.9302405855574725 0.9707170557752076 0.20968547135371662 2.317194774833655 0.7712637115678078 1.7651062371214503 2.1394709165807937 1.284821511484619 1.9591032355871767 0.3594235261550033 1.8778463165718562 0.34924037035913347 0.7906937492662669 1.2376384486513647 1.8846916527480069 4.033947020936912 2.3989244281627724 2.3679265090580564 2.0768765587811555 2.811051331758454 2.5137964658570096 2.1394972629235127 3.0806587939225794 0.6582172807886044 0.012458431649517987 0.8275321926315238 21.949815410687748 23.719815376722877 24.493147662627962 21.26374073410656 23.50456092283221 24.444545510844385 23.551193775221133 20.435202021255467 20.196268009999198 22.965545806108796 22.872952181285854 24.924770650779948 23.369035437867034 22.96667293606893 20.302386689267042 20.079599894907652 23.715704337173168 24.222399836798758 20.367541957653927 22.569728954396357 21.996369411587498 3.82355034882993 2.4440069706915235 2.9303791847172174 4.028429998739361 3.9376032634890863 3.8101401468186538 2.1668756619783847 1.7656983215253907 4.30210176145644 4.540047008665654 3.015052116889656 2.3387529180321986 0.2988528954795666 4.257522577110519 2.425830727983151 0.6012553751593114 3.655347607555923 3.0817743559030975 0.6199421090837343 2.6429828492639085 1.0861118554000804 1.6634037108257909 4.3919205359863565 0.5534021797547328 1.8092778062181396 2.9252037461380107 4.98688910578457 0.5351618878275188 3.9658273493721854 3.5970405444418043 2.6650404840953144 1.4010266271302312 1.2448244882636677 3.3776047606148434 0.6603572313900569 3.7706314837192867 1.9990362769218573 1.2088744325885958 3.337690750988685 0.38209708804683773 1.4658116032935242 1.0258619686930022
1.1998801664855452 0.05124082404363961 3.410843346685286 4.138911138835039 0.9250890278876217 4.773655323899206 4.029367262035516 4.941425031570117 1.617530970699479 0.2046073599712478 4.710848436601048 1.6790908262732285 0.16748131770568553 1.1696478074052463 4.533394321283999 2.2699740534116195 0.40478419161190327 3.260202387363848 3.479987621987349 4.612163931661397 3.1742519803971403 3.5997088903641488 2.9989652069852735 0.9934555400464001 2.924493788029923 4.0890986785427295 3.298542096891924 3.9432804603096554 2.659508142490333 0.10064948413355868 4.887196299373589 4.409171366855887 1.21397215986712 0.31607697755362874 4.045840423166184 4.241763316346371 4.182442162740549 3.6819212031355004 2.6784372153063583 0.770048880423469 3.4937044052488786 3.847274911314419 0.7259932930409291 2.624789938621566 2.7497483715087627 2.6526047703830224 2.8167593348565396 2.590340301795306 3.7951112029779575 0.0943299145076637 3.866298590305762 4.974843884567492 4.221992957247634 4.847116919883662 3.6412562188817166 0.14975160402638077 3.3051807108464666 1.6873812849310277 3.90803665826207 2.72859532426764 0.39803956858098066 3.4486825498666827 1.7524640760936938 3.5009737967184114 0.16055630507756435 3.6028280767653227 3.1851550794143177 2.760227553205548 4.002263403889263 0.9516599350545113 0.7057874615646903 1.544335518474997 2.6571774952223937 3.4346880308732253 4.862202340189638 2.7153062674506563 1.0332485802979368 2.406441228613035 2.4589813170979484 2.9282100277260326 2.2776526374942634 4.351434057965068 0.3856663052859516 1.0808124253407436 3.6687504406853373 1.696070664628528 0.21084883396680854 1.7110835480331 2.61589832444309 1.5006927893777877 4.947174765747936 1.7524329162476904 2.482479671246591 4.830139906706886 2.818647650306959 1.313691232152852 4.609443043523437 4.548435159906324 1.4372120141116378 2.7207789432374803 4.6552866203682814 3.6454905524844623 2.6517654826968986 4.73029420918521 3.088928032902839 0.5435547608459068 1.652363611515539 4.010485798052439 4.549143136744814 4.561433103065272 4.44649244814485 1.8038736605292005 2.0971775228709855 3.635379428796497 1.0104911026722985 4.620775953053106 0.01243846686893979 4.762203067066089 0.7381712344913566 4.842213486794986 1.6206228995219707 4.042879802325562 1.2937331123588303 3.225473908027357 2.0378515612902754 0.6922789741651242 0.2660463266766028 2.353483464485526 4.95268646106697 0.23716289521837297 3.122414705372467 3.9740137415073846 2.015608042372374 1.248785660082895 4.027317998904655 0.8875382760054279 4.207958462258116 2.052453277452674 3.2493725717873696 1.6868365888862502 2.1702639364944005 3.3584943360571473 4.546888970780633 0.586047311363419 2.605906441543859 2.2008088764898464 2.6246139590054973 1.2172775564471383 2.3642188005020284 3.6101310025059394 1.5129529321725883 1.6257790094983082 0.9591546655209238 3.302599185976648 4.838759471969528 4.179804296500869 1.6743299387671196 4.578410129190364 3.8083718338279233 3.8851994863125325 3.8158534561538238 0.38083576146798803 0.7718208097563883 0.5660190669342724 1.3680134885089357 4.932599530278003 4.792986090228202 3.075644943967241 22.839206130379253 21.609582967900543 20.561624422901488 23.6426487741212 22.246256917935952 23.211981530652434 24.567884872400498 20.535624790533454 21.381000197138814 22.989949371436204 23.636758387081816 23.384011957564457 20.105148309822027 21.045399490523952 22.42369983309399 21.912509450804013 20.13570426946992 23.812223296336768 23.07286733082825 20.399610623135285 20.957014048742206 2.56469417180495 0.6800226705937534 0.3237292851323692 2.9546403892249233 3.825296599703502 2.4920390903483653 1.1516549292639584 4.480326030421738 3.880052805632259 0.4424565344485193 3.6655597994022795 0.2060426166182161 0.3250698047538203 4.943042049688006 3.781579300811324 3.0638571601513034 2.5012208617504084 0.8071010359159242 2.408002514504042 2.572448523729103 3.1584339430276116
2.463075212044002 2.6946339007657203 1.9454982066504751 0.8466162072656347 3.1993978162761416 1.4919008708292536 2.109793788127345 2.507382093403259 1.277393195982512 0.32907662300556584 0.9426383739084238 1.7439042215270257 3.2733750525652674 3.976787455624769 2.2219784512855516 1.7943777923402626 0.2298807831572358 1.4485939936258985 3.946618873455732 4.878040806427379 2.4862245445341786 1.1177642437641238 4.131641006213424 3.96048928686528 2.9789222162564406 4.966756604188164 0.5236906476010667 1.4844200809688624 2.4225990754401554 1.6208029642443 0.9811693203851807 3.8542556198588818 4.77802443304114 2.0150731087144154 2.9971513521266537 4.420812127942415 4.266660655926627 4.737766095435573 0.1295347675327746 4.287916983328534 1.5389005701412724 1.2937629145847374 3.3859665704479216 3.234917085258562 2.187598344256936 4.7643377114440595 1.8504394196139367 0.15302246340039682 2.615608815704646 0.09105996935777128 1.228534745294179 2.500388942400206 0.04610317236132311 2.9987561656948354 1.7802582664729854 4.446207365126472 4.314431586217658 2.7716346942236503 0.6826703238894283 4.608593571787194 4.487123849983313 4.718838471011276 3.309842202273152 2.6884710232370246 3.215780599410616 3.8497729402483576 2.8738924737913796 0.40475384024547034 1.8722084820681433 0.5907364162737211 1.3427326619597095 3.4212242154497607 3.162379748392566 0.13297420768634494 2.6063788425976773 4.02690540906976 0.07810229000894231 4.3886302032986855 4.506117491331007 0.9754725951787646 2.902800275333424 1.7705608450006456 0.24970874702094636 0.9475189667102896 3.0338570346333107 1.1746991447028476 2.882053486451483 2.439786647145268 1.4920307604771414 3.5756921286323067 3.6310371142376163 0.633617356562457 3.68695459952951 1.5428283034186774 2.9313312216205816 1.6850172645454409 3.172748436061117 0.8158922841305483 0.29887205062647415 3.4148464689250653 4.733332601034975 0.6955701213103421 4.250286104262136 3.982575899001846 0.5905652735029243 4.613789604173246 2.5511898930855508 1.051666178663118 4.247295771140273 4.757061581627344 2.640593820578816 2.476277395747778 1.5936970237696784 2.512598203441931 2.6961024445203874 1.5199247556428914 1.467797045022885 4.874508596105715 1.5467097994772998 2.4158379277945983 0.1687869483157589 2.896639777410443 3.021878534857791 1.4786308380770463 4.163105354548071 2.2982551637366537 2.815727253914659 3.708779062359064 1.7758221284149622 4.262829763701256 3.473760164201653 1.0038130361157993 3.3622114800115237 1.7586849751677174 3.0221676032433664 2.4580509022761987 1.0055646735228456 2.0754607270540837 3.004780572541284 1.634643997755444 3.2344284497680045 4.519844438875044 3.8248778417061944 4.157364967652063 3.2048997901531773 1.2098802713796348 2.9061203128744046 4.055419668032423 4.015143162067 3.743625195733304 2.822584893706701 3.4693263629821764 2.4217671978067563 3.7031223482873172 0.8113130659813517 2.405919088522019 0.13017036626757905 3.4915994634125083 2.3593672113206923 0.8068226200998513 1.0031102986758618 1.5706928227667167 4.735329900187755 2.7263979686734086 2.4056909784457132 3.321123650885187 3.598864790909743 1.4257777061260861 0.07102551314997763 4.425062068111309 1.9701799733521752 3.71012862686345 3.308844153863383 3.143929741112481 0.30800140072812454 4.094907143484812 3.4535294163276316 0.06267762962805068 2.0298609522351025 4.841578583373799 0.2751924441322323 4.1665752901366035 4.547586417042769 1.972368806419016 3.795942620782846 4.459667309833462 2.64181110528103 3.378426922362698 4.986900652842463 22.608737882404508 20.213265064150917 24.781596077015287 20.34668593025836 20.62132803600355 23.264234204666227 20.438038032636587 23.835145988869545 23.502549895560108 20.22377154355914 24.490000875513722 20.704431023238715 22.880416987607862 20.416411569258518 21.85333782383549 23.74086282890057 24.30409339592775 22.952650713255387 24.38333681595052 23.859638381856005 23.24889009256885
end

ganma 
20.0 20.0 20.0 20.0 20.0 20.0 20.0 20.0 20.0 20.0 20.0 20.0 20.0 20.0 20.0 20.0 20.0 20.0 20.0 20.0 20.0 20.0 20.0 20.0 20.0 20.0 20.0 20.0 20.0 20.0 20.0 20.0 20.0 20.0 20.0 20.0 20.0 20.0 20.0 20.0 20.0 20.0 20.0 20.0 20.0 20.0 20.0 20.0 20.0 20.0

