pd 
0.04923150565983908 0.01715491225719656 0.030065193870179217 0.016864232286720505 0.016165438244070626 0.01648608426228636 0.022873429164690713 0.03458746882116005 0.05770900098295435 0.012877029111214418 0.01952556861319598 0.010886020035267393 0.021697789437018573 0.00733031205696021 0.02670269250535387 0.002318696223183401 0.03260666318306239 0.0209092218081718 0.001661366494839479 0.02433811918531199 0.02898411140162034 0.01872338688623543 0.00994183599355839 3.1045861675334476e-06 0.03454404586451467 0.07840301617561454 0.01522873395587489 0.0155697047530897 0.02984013180741156 0.01532849611276836 0.019513206075989626 0.02222980949902662 0.009313691432881166 0.010711529712027705 0.004373953401323989 0.014003464019932233 0.015188879188594325 0.02787817559923884 0.0017714630191198427 0.02077343768374829 0.0002951119261634366 0.008790599658700275 0.0230685911939193 0.021126234567522502 0.024855557340320134 0.008622726203595629 0.026811900711739115 0.008869815010508894 0.019504498822578393 0.0237400431935372

pz_d 
0.011229014328134142 1.112101074156798e-11 0.09049047082602803 0.114183478246133 0.14735383801064666 0.14065496117917467 0.08414103349915861 0.13744118832530136 0.1165444219265092 0.15796159364779327
0.05826541108002229 2.0139173798424747e-05 0.13901286876250513 0.06405826205563117 0.05827287738782084 0.152931468249822 0.10683280906038198 0.09057324317969945 0.22641835277134212 0.10361456827897661
0.04512301029843524 0.0073451525650388046 0.056980593057835954 0.05976299710641603 0.15838864574829603 0.1954248852476259 0.14362727400596592 0.0749930464822793 0.08079015658931911 0.17756423889878786
0.0025058541928350705 0.04002717409806254 0.06183776106580061 0.07944772601480092 0.08963203185219777 0.3006391877614094 0.10175467532617172 0.07593100810470015 0.12320656683545018 0.12501801474857163
0.018639315262238686 1.153321222005394e-05 0.03712989946998206 0.09767832703429655 0.08310861530202147 0.11131228542146022 0.19278991752614116 0.11248961505783468 0.12365125818829259 0.22318923352551254
0.014586284997009258 4.379076690585185e-05 0.09648636469076734 0.05400405897372967 0.12440512866341129 0.12759055524644347 0.10622982001025881 0.07119825131256728 0.16992322425406728 0.23553252108483985
0.01749760868761104 0.0001982813653713539 0.036086822353591064 0.0522189246788463 0.11825558440867263 0.12574231574659456 0.19210977949339622 0.17713413142184245 0.09509255905976696 0.18566399278430745
0.030758677476681616 0.011063556001351496 0.07463126383463603 0.14320742932066918 0.09924748766229718 0.12521595114569742 0.17748028107914196 0.1369369396690964 0.0862238556143025 0.115234558196126
0.05429178038496058 9.657916792579146e-05 0.08906375307346703 0.07769591203592394 0.081386575413866 0.18868627554565282 0.13036046489335468 0.1275625426287988 0.17740664615606003 0.07344947069999033
0.006342927806418217 0.006765208021497192 0.10538092271135747 0.07981649976091697 0.19009738617607824 0.14984628450934254 0.11898025315600398 0.049208706937892796 0.15695786670454176 0.13660394421595096
0.011256562411690351 0.0017760483280173276 0.10177164842839832 0.032980259699424294 0.2383763629707306 0.10282578306003412 0.10462581365111374 0.09794778845030311 0.17650520547691806 0.13193452752336995
0.004864233207447843 0.0010599704322104542 0.06966742069117038 0.10280059698008831 0.11629836691324204 0.12863361265100598 0.18221888547060658 0.06865793832180009 0.16993819814327726 0.15586077718915103
0.009877504641309218 0.0003012372246609283 0.11180987284073163 0.21830276913423532 0.0778998602425465 0.13973557594294123 0.13761389694296636 0.06138688855011461 0.18670671829845084 0.05636567618204332
0.038687210534811105 0.0022086147619385867 0.08225379241239583 0.10656934856201744 0.11370097698423194 0.1158934970681295 0.13475986493256467 0.08971775347523821 0.18212693940702737 0.13408200186164537
0.041129912238331165 0.0001085644318455839 0.13840405072323383 0.16910347580562507 0.12429558572833922 0.15693291612247917 0.049478069369757224 0.06824607630458321 0.17074094838494874 0.08156040089085671
0.04191040936534162 0.007599677378091118 0.09900756286254948 0.11862696326025816 0.13820934656351033 0.149906334071341 0.15703209447570202 0.08130882641974554 0.10853171163619979 0.09786707396726085
0.11510354252511928 0.005696911594841876 0.049988421643044005 0.09946395615580143 0.11955456169330059 0.09322745837763947 0.11989421003149049 0.13468336008821272 0.16291243730987282 0.09947514058067727
0.05060430576926871 6.769140072116115e-07 0.0641287307144933 0.15370934160881639 0.06743476010054658 0.13636342381049035 0.17233057021610879 0.15206407330012436 0.09709930649514985 0.10626481107099424
0.007467027347332625 2.4067826134453305e-05 0.08122278080772335 0.0888684241007655 0.042012004025303015 0.175321043178471 0.198002281763251 0.08158521204988262 0.2378626412205633 0.08763451768057309
0.1462313001068306 7.263532829928416e-05 0.07239892250903407 0.09538860891917106 0.1480834766962859 0.10582386582970053 0.14818646749505587 0.089043249685564 0.13298248284294092 0.06178899058711768
0.008882370149839136 0.0011385878973815997 0.13463565036047476 0.13906219602420133 0.06658509079915355 0.17044553740351864 0.11498078252011829 0.11920196319309859 0.13698607602895613 0.10808174562325792
0.007079041563544943 0.0048462740755124585 0.09662375760442167 0.12616077776422868 0.13493528146608982 0.14302352022300382 0.08930909134662278 0.21513693053154195 0.09259313017408691 0.09029219525094692
0.04155675972910335 0.002567876034252743 0.08820509993572062 0.08239444059708238 0.09790995188376735 0.16221068626882307 0.10605865405451026 0.08747992475193209 0.1774297241863682 0.1541868825584399
0.027269295787340143 5.792377478741873e-06 0.11703938943855689 0.09271005521658626 0.1368176783376246 0.12429663510555376 0.08233050912653425 0.08466134482126295 0.1475645628418096 0.18730473694725266
0.015931001091518127 0.004565868286038986 0.06549254831446431 0.09024048329261265 0.12082767412699219 0.20693712423444324 0.11801841108101778 0.09288454727762492 0.14353143202403326 0.14157091027125457
0.014653983614231758 0.00553247003180592 0.0932700618782326 0.10554148342620415 0.09101752838745385 0.19304281987856248 0.12119913936297573 0.08052205394844562 0.1405314565357975 0.15468900293629048
0.031239578270901555 8.048142231440925e-05 0.07248095487621617 0.1373861832797658 0.06304240488343918 0.126651223051187 0.08904685104716742 0.11936833278311502 0.2149657013072137 0.14573828907867967
0.01748500703827938 0.0006695295202822111 0.09090377032319476 0.12578425901578033 0.07933045710006793 0.2014418606408214 0.11008797783607004 0.0648671175450842 0.21494501244255554 0.0944850085378642
0.05155701560372244 0.00512271708666566 0.0525701647001648 0.047732361935512495 0.1446042155064752 0.10196524204588045 0.15009116003477857 0.14065135904851034 0.14314818495299664 0.16255757908529342
0.029261524124298877 0.00011293798773447351 0.07394104699440834 0.1307124174261404 0.0611659350258398 0.22172306312649118 0.1307101209395132 0.06913715111612914 0.14710093487255677 0.13613486838688788
0.03396345578101551 0.010227019562382821 0.03067759780888534 0.17261974966931318 0.08223349561494385 0.1842371728751573 0.18499672511232937 0.14411705156060176 0.040752709637519424 0.11617502237785146
0.0002052708987658918 0.016423784108579528 0.11298998255377109 0.1474336953834507 0.08281420195513181 0.13926440894544473 0.20266767168749844 0.16964731319211193 0.05885346795562247 0.06970020331962341
0.04317638858623151 0.0005355714490243526 0.06295523829578119 0.11428258789250306 0.10997414611591076 0.13340406657085213 0.18585405157129206 0.11592823017541073 0.08548903916525183 0.14840068017774244
0.0193030962327164 0.016654077492704745 0.14539018582408555 0.06026402689978538 0.08217478784115995 0.09550013662775593 0.19654778814380688 0.06277144948931135 0.11439497209222667 0.20699947935644727
0.014733745843257462 0.02762060138116376 0.035542992457880965 0.10926803675042598 0.10620164103468625 0.14472969713053205 0.18571786506647234 0.11277334857088944 0.10034654333014979 0.16306552843454183
0.02220331505040677 3.299156754274331e-07 0.04823662317288727 0.10751762185790474 0.04833062645269022 0.27176398634041177 0.15065420363266213 0.05406190454946949 0.15633279991961427 0.14089858910827796
0.002821680314366985 7.059101656884257e-05 0.14448906640373277 0.1317152805604509 0.06991008940420046 0.1242868843237645 0.10038278856802356 0.08533307324685509 0.23126726347658824 0.10972328268544887
0.024705843675543005 1.720069325940313e-08 0.08587777086860608 0.06429873652833261 0.12887788368055791 0.25958969610696964 0.10831489037655641 0.0526728745575681 0.16548565991774938 0.11017662708742354
0.04746692811566188 0.001062858713761309 0.04672053104125184 0.025010139141326906 0.12001440795547096 0.206065090169857 0.1376587885395847 0.17530113987200138 0.14224956673331488 0.09845054971776908
0.03365399486845484 0.01027017683293364 0.0756706056917933 0.05484122235338795 0.08973095320317932 0.16899837935733678 0.128184457748508 0.15490782216299648 0.17510656217371473 0.10863582560769482
0.010688169811943045 0.00440502309316346 0.1393653400510958 0.06489677066164129 0.15874458844984551 0.10273074419760614 0.1554010421367332 0.21298794381060576 0.06369808460189584 0.08708229318546992
0.015843827213460886 0.0009744460081013197 0.03368296618527939 0.24400233732311621 0.11206305415707155 0.12549294907777794 0.08059370987153923 0.09751432833484992 0.1287450317173192 0.1610873501114843
0.03485201005546289 5.819309930385218e-05 0.04127519936368145 0.12373499685094541 0.09308073634425627 0.15996683115129293 0.10753571818764791 0.15981713193765695 0.18557915051989785 0.09410003248985463
0.0031420473886987323 4.166109166662428e-06 0.1260744431432231 0.07234982031917019 0.09386784037581694 0.1350477759042708 0.08839888391361464 0.07344539951083286 0.17085077331736104 0.23681885001784495
0.045694806546668666 0.0026058219132212928 0.10855392093280074 0.13205859061347258 0.09777384605841574 0.12447482152181377 0.12186526105245465 0.1022436403122831 0.07147667740906773 0.19325261363980187
0.0398678334816777 0.0029089188542991648 0.019204405907941757 0.182568317205195 0.07435900412445508 0.09212946909580448 0.1505943203461125 0.1553052528158364 0.11878060280848426 0.16428187536019373
0.015453588707521724 7.56470357137989e-07 0.15058695321989776 0.08407854981100207 0.07946224375425998 0.1181870738091123 0.12210697284033978 0.05721886521434714 0.16973811210715975 0.20316688406600236
0.04380927205854951 0.0007743907100072483 0.10218041322218477 0.09146966655781734 0.07264073712181437 0.21889729384395212 0.14754670797394343 0.07905528596080988 0.12342512692658561 0.12020110562433556
0.025950110512444863 0.024936573675650536 0.11597681096281015 0.11714361695775603 0.09776834438424399 0.1461029639102039 0.09636082643529668 0.12413891441748745 0.09480544758860711 0.15681639115549914
0.08316075991191985 0.018304488155649362 0.03645567395601302 0.099348718619003 0.1610178541098605 0.16121937696745287 0.13456979541029068 0.08821012033690181 0.08100288364692515 0.13671032888598378
end

phi 
0.028970423053001453 0.01597948754815264 0.0185100171354147 0.009355837088631235 0.019962258815145878 0.02162931527634865 0.019191798146408107 0.019503828695270703 0.023934089962610035 0.01425753570475375 0.013894512574479264 0.014500685513194127 0.020244008651863116 0.009039236462522816 0.01471652909588658 0.02601987254853656 0.01498433291494658 0.01317678258737575 0.014539679116400035 0.012546286024144121 0.017133782655500935 0.004895580466083608 0.0002800206162929523 0.004304851785572448 0.003368660502155598 0.010993968871024825 0.003787926492809586 0.0013204348592359952 0.005405804544905734 0.00037427266951790936 0.004175306521623842 0.003698105109911237 0.006152527822851283 0.0041057187707909115 0.007162776414389 3.312267877477387e-05 0.003922722679993752 0.0038122992295179154 0.003394061381184161 0.004207190061297964 0.009163657775572176 0.006015604558404916 0.00044104937427007657 0.0015526187751123011 0.0056560393158795585 0.0011094301017104532 0.0021578325705988244 0.00041583349391956427 6.502648624619096e-05 0.0032762939817237995 0.0031490151430982483 0.0034784963077163105 0.0043449517857677925 0.003772566383945297 0.00105158261807031 0.00957423917040154 0.0024006283400472383 0.0035291582747141673 0.0012482644111764505 0.0032176573740890146 7.428410575212385e-05 0.0015691424847963113 0.002305610989667568 0.004095800551518948 0.0005797191495804597 0.0015791305395967815 0.007628725888080801 1.6565985238831327e-09 0.004147308112186479 0.0014749410125553715 0.001916802948453527 0.001829470201916856 0.0028466118263832134 0.005749052689036306 0.0003411628954062631 0.003946112743321247 0.006058295717933396 0.0001663823139164365 0.0023553909312280267 0.003563787653999403 0.0002908602313574013 0.003960197059153362 0.0018953988149001532 0.0006235525689752457 0.007310926818404123 0.0055540667303110225 0.011167403952842702 0.0005780084029816288 1.8082247824694091e-295 0.0003311538695076331 3.317059699979365e-08 0.005578227718240613 0.0011239565499603262 0.004672419453910577 0.0022387802694055466 0.004939990317914137 0.0006978947283595728 0.005529325635110577 0.009496526848900717 0.005089830805479504 0.00028256034322865443 0.0008953640220760926 0.002942154077877961 7.919118015134774e-09 0.004861473314389572 0.0006349468371508704 0.0002604996279713333 4.437608156178029e-09 0.0001068771632585155 0.005965222338816507 0.00013964220858886858 0.00928818004718137 0.0033053233903275908 0.0028861381841646496 0.013942758010510323 0.006982781695251848 0.00620738211249739 0.0002768971458712268 0.008004733935884875 0.006510396792672981 0.003143784962960419 0.0028346693528374617 0.0017229655696137747 0.0025488637453841873 0.00010321478314898013 0.001921128549924175 0.0012174336262331465 0.004261817914334223 0.002652293557055711 0.0033861154704344022 3.782852816731948e-05 0.007082752911355993 0.004608000969796842 9.966036955134735e-05 0.002994142732010039 0.000879851929027856 0.004101276797220908 0.008550799811694137 0.008338568102651801 9.615097340383108e-05 0.003241624363745615 0.005096035356981025 0.0023386900000720214 0.0014220420880323929 0.006916726436956777 6.0589339921649394e-05 0.004880045185288029 0.0031940129233380163 0.00012848950920076168 0.003489557598267565 0.0024471490271912445 0.0020261447737404594 3.378334663596699e-09 0.0012285933685428792 0.003624567700649672 0.0025946312705059475 0.0035556532711486927 0.00603074647756508 0.0028192179669970915 0.004286189435055963 0.0006819715711401976 0.005094838298359905 0.002643188786565188 0.0026112669180287087 0.0006184124266583275 0.00740969336196121 0.002149014803428233 1.026585967767276e-05 0.010847477416491726 0.004820950958989351 0.0016687381565292792 0.008750565993795398 0.004396990579822544 0.002035505410731901 0.010393756996216679 0.0022484870104065796 0.002251564848968534 0.002065661480009896 0.005731054598794638 0.0016426193468745095 6.984503796036744e-08 4.9144841499050253e-05 0.0130836016914468 0.004095666613833826 0.001969444028819715 0.00012878406833526305 0.004015512220450725 0.0034604822767717717 0.00016532046837791628 0.000396333625439206 0.0029533505643907876 0.00126880009962829 5.461366363045245e-06 0.0019554256776738136 0.004153934415198142 7.77255652514188e-06 4.305317927768797e-05 0.0031258739702317087 0.002095963212987844 0.009603438771241894 0.003482412927144358 0.007195425093285698 0.0005710932976022688 0.00693921549413368 0.0003858247092624098 0.009145855041177476 0.003479665539052859 0.011734427106457402 0.003951635226212063 0.0025977278666763953
0.004946297411158293 0.010800723810037135 0.00019173279737955804 0.007527668788134144 0.0004834105141063859 0.003927259878012536 0.0031790953208490113 0.0020462436931490907 0.001872012178508485 0.0013437601410744458 0.0015777328632812873 0.004108632946028553 0.003233172955273904 0.0022377809367524547 0.00269303016850428 0.004671341724199779 1.7361071251922298e-09 0.007717371487071183 2.297667625893848e-05 0.0012373942757303057 0.003795061972754659 0.017647711196765663 0.015046802138518467 0.016513150429258532 0.018736355325895373 0.025095676812951807 0.015740672584533814 0.01452210774555392 0.018028044674136653 0.018748714058092447 0.025056945834361244 0.01828951539302198 0.011270394467032518 0.010860813130611756 0.02167913925306827 0.017656418433842455 0.011981874552756901 0.01570170991450608 0.009990078237762759 0.017909770713202565 0.02372906892905952 0.015531215886994519 0.00031896331231533686 0.00017353181183255568 0.0014485539659947956 0.006917886871350084 8.644791355005193e-08 0.0003888736937339819 0.00039362166495872435 0.0070992814953464945 0.013322358135044997 7.325619674269134e-06 0.0031352454207248096 0.004637807384835062 0.0031945255807515095 0.002527435310058636 0.0028107500277472857 0.0018730453915601563 0.00443726389252335 0.00948219109272817 0.00032785128252990755 0.004368442424362259 0.0039957618756447785 0.0022042615193530804 0.003862234099133956 0.004506733809024562 0.0010793778448658488 0.0007155787505864165 0.0003894311221515667 0.0022751788062347245 0.0012993409857828266 0.004648644742788562 0.004212855277911123 0.007045314870985787 0.00954518078096514 0.00022431792856617653 0.0002280199279358013 0.003168982865764445 0.00013535744386970565 0.003895805422368678 0.0025404187325980447 0.001764064029682107 0.004113902751941169 0.006071982628098721 0.0030227525733298017 0.008533505592398915 0.008536241679088707 0.003994665367361576 0.0048490101336662325 0.0011193276822536573 0.00015237156557843478 0.002546836125528323 0.002535203470037985 0.00184029911538579 0.0016603433554350031 0.00041192817657123224 0.00781693631978503 0.0025099976507629526 0.0034773382785764683 4.654350349670779e-05 0.0011436588447732076 0.005195244516763271 0.0053943356385358935 0.013087113015024241 0.0002486375457199759 0.0019895401511506173 0.005700356346884585 0.004227960446121886 0.006011861529988286 0.0015350828431650954 0.002738672452250338 0.009537149615211425 0.004079935068183816 0.002933431008606727 0.002149176070482926 0.0027782320450738833 0.0035222378073068816 0.0007369668270557755 0.0039047051564824412 0.003465810968410344 0.005620728461763834 0.0037107611278697715 0.000618508885193618 0.0029636527091332476 0.007399275714312359 0.0018684016639201554 0.003938862982502667 0.005886224978868814 0.003858082162120619 0.0005264401644619115 0.0026447804625244916 0.0017476935502578033 0.007160203538225298 0.0013423026396600182 0.006365144815353963 0.0026570408270318205 2.6261553940946107e-06 0.0025131466466424704 0.008353199219676128 0.001151609382706156 0.007621733486791763 0.00028433132886772323 0.005806702647147854 1.017195158709146e-05 0.0003043854997401183 9.3555887971757e-05 7.597657231544886e-05 0.001875762908655965 0.0002164981373525146 0.0015148876330206653 2.435683099376826e-05 0.00818514086676251 0.005026289477994101 0.0010521659765698333 0.0005152057102912081 0.001877683978484099 0.0041553494463982535 0.00757765243410664 0.004000867588174131 0.004787151506527336 0.0034513236289637457 0.007322354422868965 0.005965629538112821 0.0023893068729249622 0.007210708127497152 0.006543030768270992 0.006124435973000239 0.010356130174676853 0.0025845833320921226 0.0001879266506496464 0.0023087115414625508 0.0006958216181015478 0.006585305178168435 0.0072642701285337485 0.009832836782793723 0.00036332991350230057 0.006998421979179715 1.6430387434480643e-05 0.0024422030391663477 0.00121755733731285 0.0012121319617176276 0.002688708214380156 0.005309169888788483 0.0050931845676677615 0.0010129652115857667 0.0036353337468172614 0.0032830852632343816 0.009871131351021065 0.0019342004017247688 0.008113036762641433 0.0011389558074941363 0.004543906283699349 0.0003193803770610182 0.006838391587920685 0.0007431229042571818 0.0007117464564812793 0.00025832999496691844 0.004090497843813096 0.0023313701956751763 0.0018207719171897925 0.004066318770367262 0.0006032992319962765 0.0021864979887476774 0.007279946132703731 0.0015166552368885975 3.329221298786668e-11 0.002620712795865729 0.0006637782401246635 0.0020701965019721802 0.00327822346283322
0.005385478388345163 0.0014647890933108024 0.0027177490212513798 0.004348084422699537 0.008130471916693489 0.006292365374666578 0.003911089469706883 0.005949693798315618 0.0018369591605216693 0.000840457123514231 0.004035974620148195 9.165063459728769e-05 0.0008118484406841873 0.0021719796548147745 0.0036168921542335114 0.0016875713887795239 0.0005173328064227563 0.005955407964247332 0.005487066604302184 0.006174782897229845 0.004687198580194499 0.00022923471716357856 0.002297948555353122 0.0010797449630316717 2.6107894799381047e-28 0.003174487700227423 0.005218717378226604 0.000388230673701325 0.004774358363419638 7.298280278109159e-05 0.00110679766679937 0.003837028160420889 1.0748188555379263e-05 0.003629094757464316 0.004263586570959761 0.004287942721152882 0.002998640403252517 0.003347883751692267 0.0017968406510330001 0.010264013257425248 0.008423005123585361 0.004989843031569075 0.013998142790135115 0.01759327164885632 0.020998431103087096 0.014363830106369093 0.014096507379289537 0.013665182586106025 0.017106578406288903 0.01996069565716584 0.018568089104543706 0.019707562796056007 0.030400174677085157 0.01399006889331077 0.010061820479424534 0.014062888194185521 0.011601204607364003 0.023341847776331533 0.006657156637167254 0.01026959218532298 0.012290456635441017 0.022692539912687968 0.024394090911405694 0.004123681118946631 0.005586221617222523 0.001054718900915163 0.003906708902194793 3.9530095591950286e-05 0.00881865738899445 0.001736409321437484 0.004303759919571674 4.975138405722748e-05 0.0019841706666605986 9.478933713166876e-05 0.006135438707200385 0.004390716014006373 0.003664732605760141 0.0054721957021729856 0.005572664654026551 0.001962433499760329 0.006663368949670417 0.0028845612502826036 3.7935425367990493e-06 0.004144533753550236 0.0036437650546931504 0.003882196347656954 0.001961757646046302 0.003340813200073333 0.004848316564322558 0.003214733847627615 0.004085238400922623 1.3772893656381432e-05 0.0017827578932481274 0.007701049259139925 0.0010982434309145686 0.007461635822334678 0.0006944832052080218 0.0005217234319635969 0.0036599226325818106 4.148369417094864e-05 0.003938061558136524 0.0023011043990861244 0.0009631402761655025 0.0001004802378068788 0.0036458341015843713 2.0881336299840612e-08 0.0016041791070356248 0.001942775022294343 0.0008756141378142817 0.004655042650060079 0.0009689384886350631 0.008566496471848976 0.002539706596565081 0.004963210942482628 0.0009647037483949551 0.005052923343239065 0.004468094093419278 0.005298765586700523 0.0031399606619918583 0.002936107988399302 0.007974918200651526 0.003260618087081413 0.0009629426120026645 0.0020625965977205045 2.6937189942601245e-06 0.007487270878671603 0.0018697464309875595 0.0033684139458952152 0.0030931457776106463 0.00023489268664708994 0.0032875590091258795 0.0060758453394673066 0.004428711244380587 0.004822165029663292 0.0016764761319222534 0.00617486535206775 0.005506971816688598 0.0016866700277979997 0.006874911112796917 0.004372719179960465 0.00205553568309274 0.0018843948339068105 0.002892629410180486 0.001990574257663557 0.002045910423778369 0.008914563342865995 0.010735757250273124 0.004144557786916983 0.003905237239068469 0.004731358331311739 4.535103323597646e-10 0.002459967314374568 0.0003677073308437054 0.003549421108042543 0.0028855790048562665 0.002497920801602117 0.007921879342667491 0.003080248915347551 0.006150674183264872 0.005664370088003607 0.0022620877169737675 0.003899205903585268 0.006018323707596784 0.00604226294913113 0.005135979489330723 0.001978509558342244 1.6979589802935514e-07 0.00776648421196248 0.004580597428748334 0.003100621660312477 0.0089641347353661 0.0060875163877458635 0.002834299042026213 0.005926794809751269 0.007891525878592728 0.0025345882345579086 0.0013734818025044385 0.004432648422871489 0.003990052367461808 0.0053015012479037185 0.008648039084599702 0.0031574167584007625 0.0018452256867619314 0.0021454947560786333 0.003871510231203825 0.002417400983823063 0.0006727647274029558 0.00914547173307793 0.002093498435214649 0.0047391076405773405 0.0012422468771723543 0.0013166424411886729 0.0014848668133123956 0.005702849293352252 0.0014243311800658193 0.0040048226918692025 0.0027489292971565817 0.00019954617455625158 0.0011549652780369494 6.919886013837463e-05 1.330786728289152e-05 0.0035642914291957686 0.0006664055868499055 0.0019554581625617503 0.0070884400884910605 0.0034802978348913364 0.0032198200922233253 0.0017428613607808467 0.0006076948428036578 0.004757891769196341
0.0010239833649603673 0.0004244564540810769 0.00029223968986747995 0.007244068197945062 0.002777320326767869 0.0031391639668755028 0.0004745262451272784 0.003588813327656584 0.005556851081602412 0.007443777216685306 0.0012826526548736143 0.0026166963123312177 0.00716825670835916 0.00509247891376583 0.00014536814964069512 0.00191347832162116 0.0015507399916128354 0.0021376140030012676 0.004642593229222976 0.0075393446115279835 0.00022526954849531143 0.0010845359295449954 0.0028974488652375773 0.0002184750561884209 0.00615843902707745 0.001501215466499166 1.2818411413175124e-05 0.006620182721922202 0.006742190389208451 0.0026944118432178717 2.911519416592714e-08 0.0013987907089770622 0.0001938376056139843 0.006618174212489618 0.004169203836568876 2.383103901687082e-07 0.001716571111428664 0.0016445559415889483 0.002867368769599881 0.0012205632943454356 1.3284552745149527e-05 7.805313429089872e-05 0.006700313638134566 0.004484883321938698 0.0015097951926174634 5.226574688940098e-22 0.005382431437796873 0.0011800405399538807 0.00237938170261087 0.0076333973715520444 0.008239537806990816 0.0014961681240771962 6.556468659642063e-05 0.009158752232505288 0.0029519828851757223 0.00025704348348496505 0.002652035837427695 0.0011764377025970734 0.004843629464528427 0.011023060925571216 8.849862130635797e-05 0.0006288795165138726 1.717388999295705e-08 0.024202814949958018 0.016849107331693702 0.015744810104574264 0.025207922385922215 0.03125394839090288 0.01386112299254529 0.012650277808467846 0.01924341403623414 0.014174373488419207 0.01534766235700923 0.015117930310508646 0.0167562130026711 0.02261259467353472 0.018733875739351792 0.02332011212582783 0.018787780517638478 0.015184847707057534 0.01675117928113073 0.011409682589088617 0.016408233715939153 0.019006080949427843 2.9289830101461002e-05 0.004191541054362409 0.0018925272493145204 0.00409540870592767 0.0034839132842295244 0.0012041296312810255 0.0009369578602461438 0.0012087331218846446 0.003580779489499763 0.012636111801950543 0.0005032170395836745 0.003410842635123062 0.005157550867815676 0.0009093440104010016 0.003337576149405174 0.005241834877143885 0.0010218015549368722 0.009464276578115731 0.0022610912843495402 0.0012130698545319099 0.006145121598433256 0.004301611370202209 0.00045101349380910304 0.004515626609062995 0.0001363618412395665 0.0033291031248930906 0.009326361712726066 0.0033088323790919525 0.004144270096517907 0.0011596067205658796 0.002466619331845603 0.003577877750457513 0.0026237887979527314 0.006349168184101769 0.0023671081299584 0.007000597034318067 0.002073930409978033 0.009427237749383295 0.0052473841516711296 0.009979554734962757 0.0027502897527709068 0.00019016910234071575 0.00026361173555332264 0.003169895452724509 0.0004353326476900264 0.004455578479362209 0.0016036227162499516 0.0049285167541222585 0.0007279030241457709 0.006699431805057146 0.008476850486236281 0.00454548540808799 0.0023517979388541555 0.0012834858002809294 0.004342589223078931 0.0017593437146686116 0.008178356818123012 0.0010075744051053857 0.00012960196470548002 0.006639311741942367 0.014726183617219297 0.0027026406989966805 0.0031758364282814377 0.004014124166467797 0.0015136616358706941 0.0002701092348538731 0.007864310426583048 0.003681673431811298 5.337533135871411e-05 0.0004285738712601298 0.00910216286586596 0.003175969574867503 0.0023118506091040214 0.00015152623860113684 0.0008447498556196156 0.002909007254127683 0.0032798402345397583 0.0023812723914785608 0.0043349042441703295 0.006506864185911337 0.0040043662353308855 0.0017784207518564143 0.014374298949815829 0.0031558099733965668 0.0015674759504208566 0.0046590534823300455 0.003944844216199273 0.0035401625338420625 0.002645877033813085 0.004792484669970747 0.003579511020430882 0.0003868864371237187 0.0026882611298930455 0.003190154640513525 0.0014272833610589767 0.0036455031241271352 8.956377490325049e-06 0.0007178583345339692 0.0012658352343562908 0.0042540986736824314 0.005306871366846384 0.002273576717478218 0.0025028050143945362 0.005307080257321062 0.0019368343946237249 0.0005539612240726319 7.974259910240268e-05 0.0018457587079334819 5.078092746683122e-06 0.0023531577741364995 0.009346240561575693 0.0016137652716551598 2.6641527021442514e-07 1.7389212249412027e-08 0.0021859543832131838 0.005854193481085305 1.3159492378322886e-07 0.012989124997751076 0.0009154361084777515 0.0038292137771470803 0.003990746873770111 0.0018583064389947072 0.0005301450403819714 0.0007059874231509049 0.0054677605720457505 0.0032362272803030095
0.0066509901955268905 0.0011900868841502523 0.006081253749616143 0.0097660602269565 0.006019580618332933 1.1062496156067539e-05 0.0004280497695160356 0.005969394784885642 0.0008531640392211275 0.004232910449989614 0.0009830288837978098 1.5692933045935278e-05 0.0022874833522821265 0.00902043000381976 0.0031646483775394775 0.004321628564286518 0.002575427144752507 0.0009877209063532213 0.0021308378880021167 0.0005273025223889994 0.011254829419472541 0.00010655546302760714 9.612635068566805e-05 0.004205314822991851 0.0015770632571850238 0.004179066383847515 0.00952346928528565 0.00033511375286401104 0.00911317938155275 0.003112918695676978 0.002336542752989864 0.0006045107045041464 0.0006400007214108426 0.00016000281100903967 0.0007229979161639193 0.004297743767468294 0.00300309785556049 0.0032405399878827575 2.6852117620756534e-22 0.004523191975937173 0.0008505161436316482 0.005192559454891192 0.000477896346803691 0.0029594847758858166 0.005940722591812665 2.777031249625524e-05 0.003345183327727031 0.0004454436201093378 0.0014338327159742045 0.0005597907590511041 0.0010239638969496145 0.0033995835901468414 0.0022600279571067883 0.000159127052532582 0.0028292814778426924 0.0006538207637157544 0.005099819088982369 1.297335377441827e-07 0.00011453629442462348 0.005401892792434294 0.0031727008521698747 0.003616694833520526 0.0036411329769268264 0.012773757731983389 0.0031468284808065907 0.001566115684979694 0.004604034317874092 0.005883094920299216 0.0010066292782128696 0.0027463012618901728 0.01103151095972724 0.006296626455357332 0.003679168818347023 0.00020938341111170956 0.006488385680440832 0.010591350483092727 0.001859005558276316 0.0007858637458030371 0.0038920023714631084 0.000675430922009111 0.0005706238360480818 0.006145958945837501 0.00604471629618193 0.003970936197558337 0.015596453894220031 0.014698471764824892 0.009979234420411058 0.016900428782890765 0.018571013084975788 0.019419329503901166 0.009924354189263972 0.017276864063038952 0.017152523590267817 0.016137720786348835 0.018859778197823335 0.02160640169061979 0.016541209927313907 0.01588493630126019 0.01859900474133822 0.02086445748740864 0.0183597430364819 0.01583584702010683 0.025661087205681495 0.007076551703048922 0.02233709511894982 0.005186148953892474 0.0020021600127472718 0.005606699908808322 0.008500867695165946 0.002729163964911251 0.00756708580762629 0.00502654150748101 1.44298480071155e-06 0.007535150099633429 0.0019602153431240864 0.0012513923606668287 0.005597150995041227 0.007171779526021544 0.0030447795486893184 2.258074297340688e-07 0.001263835714118131 0.002815918504555045 0.0021826806995674103 0.0013584200591926928 0.003279015322120196 0.0009458773740040287 0.0023857681103234413 0.005561319196643914 0.00011144270938691853 0.010360919871381494 0.0029114568201544437 0.006209459407998491 0.004522729858465818 1.0845535030101137e-05 7.23438337370113e-21 2.0658301114290952e-07 0.00041869441173413084 0.0015639905630014256 0.007547384884557042 5.91133685421616e-06 0.0040742789988191955 0.007059165493907537 1.4420188098560566e-43 0.0025405642770375486 0.003795128031774867 0.00020289975491812336 0.006067609015357176 0.0044822345184073785 2.5242008722367284e-07 0.0036411961475107555 0.0007368509645727071 0.0075050499893698245 0.00355253737454648 0.003634892269000742 0.0013687146294941487 0.0009597501986409886 0.001899118790202937 0.002456443992998799 0.006769782775170317 1.1117038740155648e-06 0.0008776319951304853 0.004320137829527524 0.00758865894440894 0.008714376945714317 0.00482942101086712 0.0036432569750572174 0.004006801548813819 0.004168773098399841 0.0017000192983133927 0.005761996072918693 0.00012114667384824079 0.003304239412248334 5.6907820495309305e-05 0.01431051479181478 0.00012411507580820363 0.0034507962032178335 0.002196548525865585 0.002950542446486618 0.0030904142290388973 0.0017968952273361542 0.0012758902039661708 0.0054800497585114315 0.001467649371770369 0.006139893436340005 0.0037846592311118177 1.4922035750027063e-06 1.6058826654747614e-06 0.0006814155577014423 0.0058135733401383 0.0008481112276064793 0.000768753032936968 0.002636365466400348 0.007327570429257069 0.004566191853506033 0.000831874080877501 0.005591300121335391 0.01157539799397925 0.0058794752489814295 0.007428294988750474 0.0038646804164037822 0.0022059607640859103 0.005465146538158975 0.0035443634865535865 0.0041180706571969546 0.004374679052041369 0.0028963369813845537 0.0034127523786493343 0.0024816144481210147 0.0035030639406279274 0.003531148635938443
0.00856354574110322 0.010981362775290968 0.0012351724363035773 0.008634231079200288 6.589085378193466e-06 0.003154051643236395 0.007753677948176107 2.903945933736782e-07 0.003134766431065604 0.0013851650030165632 0.001461931737424738 0.0023039089082613237 0.0037965724578410505 0.0027377255696344484 0.0007536615574705502 0.00013911630202587686 0.0014558288976383507 0.006736981045424817 0.0010520251858569154 0.0008510791141356891 0.00518652061503264 0.009808602506967183 0.005215619820530291 0.00564764030161916 6.560894390132184e-05 0.0042822150003141496 7.807678604022132e-07 0.00047834845660046845 0.0029688880253683674 0.0035300045928142987 0.005655448897832908 0.0038229973858130645 0.005295833456890696 0.0010640708011540598 0.008627408748151747 1.4963737584373043e-06 0.0025231418635570588 0.011462756070994368 1.5899695284523403e-14 0.0006193463869617417 8.311435474413713e-05 0.0024455385983945216 0.0024935216378318193 0.000209801199529583 0.0013312999556077886 0.0023915216617702703 0.001803794419842059 0.0060862556069952774 0.0032445010691666276 0.002153642056091001 0.010520577579307848 0.0005366540397546575 0.005076265149330343 0.0037999480977372402 0.009842933577206439 0.0022966333136596436 0.00904505986849366 9.602825335506554e-06 0.0009012310597099791 0.0032383435228899578 0.0008500823874477702 0.005944953532259936 3.139259488329535e-05 0.007985828813980108 0.003605350935674969 0.002611742738556739 0.005837816294791026 0.0007981280701349491 0.0018956982144466897 0.0012166178447514566 0.0020308347949342252 0.006178375384173243 0.0005104447478291854 0.0010989104028535535 0.010461472243844968 0.008586090071987379 0.00031037089330157634 0.001428149064365884 0.0022892688649079874 0.005133541320853388 0.003959100429097928 0.0017698912024858517 0.0062353978125978945 0.005478872420782689 0.0010555985962345921 0.004983630027356707 0.0036088588090619996 0.005409747398744033 0.0033011750895492013 0.004423668607358429 0.0013854639957973237 0.005151066758001952 0.002979142631920911 0.00036409339606503007 0.001130269209109991 0.0006348224840464495 0.00462791312553493 0.005345031488418398 0.0026853266002435914 0.003782620331503247 0.004424430343644371 0.00027902823666323823 4.2036789897491567e-10 0.00558075389088795 0.002184431715023626 0.01585442126150547 0.012101938865044421 0.02112307285004704 0.022438642990491708 0.009972735921489211 0.03725369404640642 0.018343229480563116 0.018876668693016255 0.013041574252408828 0.02720017177172558 0.018097740416262397 0.016855027930385683 0.013738174488670393 0.01678812109610589 0.021023131319153242 0.013447846226311932 0.01883824163440597 0.019498103714509395 0.015546947413948325 0.015146135047769784 0.015299377900144646 7.113775113609831e-06 0.002603553732792447 0.0006866856596247857 0.0003582094846922321 0.0004880393982487947 0.009914334490418278 0.005401680923919205 0.0011933514099568073 6.228500284606199e-05 0.00312664186579712 0.007612049290443154 0.0021874512424445774 0.007135814672990156 0.005822690531565249 0.005312605729047944 0.002237177556976931 0.0012971356611952737 0.004960328817058219 0.0021155091849553716 0.008823225251535047 0.0007992642087010594 0.0011079669358619306 0.0018863923846134919 0.0016520311505175544 6.661971827060847e-07 0.004745323730710296 0.002789622194953457 0.0027787637107603478 4.2732992305674175e-40 0.0055859285484464736 0.006624992032453722 0.0016596789497122211 0.0014129793842379097 0.0017764489086958377 0.003400867157007743 0.004941193817844838 0.0010431844334154595 0.0032948383012689035 0.005760647289684169 0.006627372546184229 5.295032628389165e-06 0.003538447109785186 0.003389417764506647 0.004494942074153689 0.0036743918795837873 0.00565652968014921 0.006082421294422713 1.87137341499532e-05 0.0017116668011418913 0.0015095444849613832 0.0014313988788450013 0.0012440837464294497 0.0005052122808445991 0.004372664317922804 0.004073759522533476 0.0035080911396617267 0.004631898282703458 0.001632473028741704 0.002306536102064694 0.007932637379325312 0.0031345396267809184 0.005865728959621462 0.006781661480426024 0.0008023120709306771 0.007811741452471417 0.0003755707123837633 0.003131980238087567 0.0008690108963055698 0.004393281516993847 0.0014227384011766624 0.0020808468757898537 0.0075481429833160795 5.586431341153207e-08 0.0027096598340930074 0.0028057140978525862 0.002325167234480492 3.646755088554535e-05 0.0028076416535804173 3.2112686774920536e-05 0.006853669701348833 0.0005618009863127061 0.002788737854508406 0.0013529277753056874 0.0025792659683744677
0.004647057173216663 0.0007299693410632861 0.005214872355448413 0.004477092595118087 0.002953489049044452 0.0021382384894925856 0.005910465718269753 0.00932399021250359 0.0038365152478997844 0.006753647429691539 0.00021300981625432995 0.0038060056169348594 0.0011681686393303246 0.0020188770192367035 0.003141433217053839 0.0023096764695599206 0.00158308718037196 0.003123495327142858 0.004709180484907261 0.00838372695439822 0.0037037381853041273 0.00792197148829286 0.006306906976423668 0.006704908660370915 0.003325264486684655 0.01212125176572296 0.00012619238956969686 0.003599443553895752 0.008896351461384774 0.00026205350679396556 0.005236454706959951 0.0030884698892406225 0.006083622440680809 0.002532139108042128 0.0035541533391514318 0.0001449874069067554 0.006702151707441498 0.0015227941955488983 0.003161921624731198 0.013455754762783961 0.0008483238522851661 0.005256292356099174 0.0019289593455266254 0.0019393996737770535 2.6128980088429525e-07 0.007691463312636435 0.004012862791994354 0.0028760353307764213 0.002180439031461623 0.002894153351878648 0.0033198815683160828 0.0034399884653260114 6.653900920330645e-05 0.009875539951189432 0.005842495370880762 0.0017437855393756508 0.0017327254750883051 0.0010182187170337416 0.006421546462796782 0.003748869030683629 0.006970612475834799 0.001624133852573679 4.330322639203016e-05 0.0023604046421796827 0.00048302857171126913 0.0010097145397982559 0.011187260372690105 0.010536665561243323 0.0033035899737137893 0.002397313241701191 0.0010719594446244654 0.005725639509830646 0.0011173017103148072 3.511798729406009e-06 0.006111122529071343 0.0015283753861522393 0.001715903907465337 0.0017035971850936813 0.00043000941322871527 0.004295305381173637 0.0027141539709912618 1.091010084012119e-05 0.006660769772321593 0.007313941523091707 0.005939083775394754 0.00014201497070641695 0.001468270914062565 0.0006210575246083005 0.008311897244989421 0.0020859274088019537 0.0015552372377794666 0.006096713595942969 0.004599167273861967 0.0028557513306452027 0.00019402323791876524 0.0024556925499809386 2.2156528683950163e-08 0.005085851514556692 0.00487465666886806 0.007495416450222047 0.0010109329761029647 0.005453680949017773 0.00019665692636959615 0.005575851273789937 0.012593998613808527 0.003776326808561073 0.006438010527198027 0.0023343594413257054 0.001724901524692447 0.0013518635519271696 0.0012189489576972968 0.00024536671656097777 0.0035352529342956678 0.004725334618175228 0.00013496590022625543 0.008782193022465787 0.0036121520733172255 0.003132789746872891 0.00015384869729512284 9.827752997117221e-10 0.004380388191989274 0.008783420575058187 0.003711376062701418 0.002025303775795981 0.0036112968409990572 0.0005983910973461643 0.012450654252095931 0.014793651312241097 0.02483657919761286 0.010545961978734327 0.018661955956889065 0.008736236573173704 0.01846891623333085 0.013698479729461855 0.021221560563875898 0.01595578174452541 0.013175270368899204 0.010905192515859188 0.010724430710730292 0.00943902078144762 0.022288100407614427 0.01421575818197564 0.01638867206373655 0.015931136160761507 0.023580154927231544 0.006904569741110303 0.016024627940438192 0.0013540726404077943 0.00494674622600888 0.0061524754805122065 0.0009035320116335385 0.0005328396894948369 0.0008272379662369942 0.0008191402007894882 0.002898695374031992 0.0007448087127529343 0.0045507403319767934 0.0015085077958486579 0.006203453138804032 0.0044858329435884855 0.001078822961422403 0.0003690145878463342 0.0029100618361792203 0.003541882232955939 0.00629831263962844 0.003621423844510011 2.391882301996506e-06 0.008227438230556812 0.002578863750408757 0.002972325828749566 0.0022112942482373265 0.0017460291375041735 1.575838858832679e-05 0.0017710363086795452 0.00646144004239392 0.00029316186729090663 0.0018538188511939802 0.0022891193009163297 0.00032434229135941596 0.010138505525506885 0.0032409041168593037 0.0048864892304437794 0.007604212977937076 0.0030860072950143597 0.00010644473856023371 0.003234622815885521 0.00496351938629778 0.0028428058225317713 0.007189680755992665 0.005826286953020377 0.0012779199049841967 0.0054794563081745785 1.7835363653938333e-19 0.003879638985953983 0.009704241015744946 0.0023227225771801038 0.0007660507005401596 0.00599483601494823 0.0029203781438144833 0.002022084320652301 0.00435725924894536 0.004374167623129272 0.002468063710636599 0.008182838661451993 0.0065722694650118 0.004867388324996086 2.1346657150779775e-08 0.005853705847333817 0.005792956755499509 0.0016659546907409923
1.5221605155776896e-05 0.005449123130537478 0.011146309048730665 0.0032428337327432624 9.489146750761071e-07 0.0014802821112238139 0.0032192912844576454 0.005322940425031624 0.000731914179328065 0.00035474049026813114 0.006528793141490149 0.008725631263309245 0.0024050321987716485 0.003904524732570427 0.005294090880320492 0.004113332114918973 0.004914472244788368 0.0037817766734160193 0.00840651172207993 0.000554295630938876 0.004775665133004271 0.001011835802415544 0.00248236622193715 0.004537177864235135 0.0002925415091769885 0.002913844075647837 0.0038416742294752055 0.010300970525646857 0.009120621970740756 0.0005485385883024585 0.003512944355134099 0.006981760473725925 0.007402727399635568 0.0030848926132950433 0.0021146775795097285 0.00040576444059203814 0.005644100980908946 0.003918704792094155 0.0003870004396850892 0.006957719041646152 0.0027329432299868267 0.0017779524705063235 6.030541095785722e-11 0.002808826555247618 0.001216500386490617 0.004047385038400771 0.0018133419997480478 0.0027397873256073562 0.0008220218032627313 0.004383823211107881 5.452367639382265e-65 0.010949470121659815 0.008123987533194843 0.002873542426326299 0.00029677984694116314 0.0017807648864696533 0.0014717475010050758 0.005960430501628395 0.0020036812153693445 0.0055932135988798586 0.0036387770804531543 0.002066237562116642 0.0017648137421855232 0.007941000216063756 0.008914096235091092 3.0863274205724064e-05 0.0013950986829183835 0.010088522328196762 0.0048586675816281195 0.00025773909955898724 0.0005853127190827659 0.004444004710879717 0.0013695165683596164 2.9012443403718293e-12 0.008167366071462229 5.61122187095702e-07 0.0033616834772992386 0.0032227947041660564 0.010181196953164101 0.0019925337351338595 0.0016463746925520105 0.00489347487615526 0.002188229832476529 0.008828670000998495 5.002062674436663e-06 0.004542360446415427 0.0013746134896225415 0.007085309522357343 3.691165239149385e-05 0.0004403549043614533 0.011498154704477655 0.0029492294218467934 2.2017202217809656e-05 0.0009272807561521903 0.003518389212848465 0.00033057857815111904 5.526943399284894e-05 1.7115915836071247e-05 0.003532782065427826 0.004793423479026461 0.005563690264354478 0.005458219447113584 0.0033508790673640342 0.008815545712350442 0.001158547165051965 0.006240524137550535 0.00041354764523370745 0.00626701757543744 0.00015838505986826495 0.0033369679128364606 0.001344773923923104 0.0010016612747637225 0.0053576103330193435 0.004204444004239393 0.0025341433066598438 0.0008692150605119979 0.0019467144674147146 0.00248207542092252 0.00206294692612803 0.002802430593168055 0.005802550585350436 0.0005483308804870431 0.004443007314928963 4.154886406627377e-24 0.004228958735884446 0.0021255800029141383 2.835207025038599e-05 0.006364987948549666 0.0030142699492188302 0.003386028458669956 0.001088467577534364 0.0030028659096875848 0.0016606725130333011 0.014439342049343459 0.0003900505580274882 0.009576745611539837 0.00014931464677816415 0.008932972432957896 0.0005841863246977302 0.002760372835777517 0.0013641946612500894 0.008230031008281161 0.0007725932898501152 0.005669086040103501 0.008281921525222833 0.0025634533283761993 0.012969718633529756 0.015614022555353888 0.014823022325967786 0.016026602851296177 0.010422322336181317 0.021387687217339118 0.009516130778515416 0.017336144861383417 0.02839207562916365 0.017523065342433534 0.011111890037473444 0.015513724620853445 0.016834426115232597 0.023545085234473004 0.014354001415320878 0.01687160406530831 0.021948498869263564 0.013654013188260867 0.015786034446490946 0.011999523052736365 0.013660103859205203 0.018921684305134762 0.0022414254159947773 0.004609866228559651 0.006383528002674411 1.473687818170305e-07 0.000346853886729637 0.0017685193351985188 5.624533606469928e-05 0.00590065729063813 0.006544372076016731 3.3352195427672954e-05 0.009134261129768801 0.0005124294977936689 0.0014564237567953912 0.005877238874118157 0.002084258779216283 0.0034632644173965147 0.00131549486286045 0.004121819193226197 0.0008340592164821218 0.0024429904999605603 0.0038698198356757352 0.002592024474345856 0.004988760081800059 0.004787681483436712 0.005973944038638383 0.004586277283847581 0.0052654855830417445 0.0030001404218930024 0.00290272841106167 1.1064066397485006e-05 2.809783578281995e-05 0.002660366415152782 0.002370536172989597 0.0004918576859412784 0.004396510164846696 0.0016451861384306965 0.0037358658357000917 0.00048386426454465926 0.0005839690118976832 0.0001759485373380349 0.005858549029064275 0.0032849371761856302
0.0024967748117859724 1.4855924156540455e-14 0.0020063252417024573 0.0034837447424242852 0.002435831055131481 0.004211286220140512 0.003416551211117446 0.007589985203430767 0.006474859901841098 0.0008558999228156117 0.0013015442160567374 0.003250550370807256 0.009034627022718577 0.004148197707994244 0.001864464379253493 0.0036025544478213533 0.007111500793113462 0.008890812475813158 0.007562307495470998 0.0010073442503319055 1.9863339158080963e-39 0.0032401085647945386 0.0019474915578695778 0.004302298238544795 0.0011262722735078652 0.004186831254341243 0.005846796477889952 0.005421012554276463 0.0011994553482376738 0.0015559545552710622 0.005992051513887143 0.0015061690007486953 0.0019011354911083807 0.0006525620429218181 0.0001013522145127607 0.0016508924012457959 0.0019812702111586663 0.003932066186395562 1.983571458488175e-05 0.0026546200525576777 0.0011210835622340574 0.003499938518219298 0.0036981746592954475 7.028818171011221e-05 0.0005138521737239447 0.0005090908592381932 0.003201348840189109 0.0008162625055598842 0.0010172593362611753 2.1257657689575954e-05 0.007415004962604023 0.010005201485955156 0.0003919734762664215 0.008029157152913842 3.0652576083780334e-12 0.001575885444364987 0.0024934973275036964 0.006113408011952658 0.006513524143812176 6.428952289549538e-05 0.001937674599561357 0.00011270872008239442 0.005626495992387694 0.0015243044764832402 0.004812681695845709 0.008735065508745945 0.0017236552235685224 0.003985464211457602 0.010691127267481018 0.0017714747236220567 0.0011982403077009133 0.002710062335244137 0.0071690898052211086 0.002094763990091815 0.0027643115371684375 0.0029853782438339772 0.005833367997682248 0.0027159640382453092 0.006676434633710512 0.004688713356895142 0.0022244921722528945 0.002348861925568569 0.0035203063456455074 0.008751601407160308 0.008916756132500083 6.777136134548351e-29 0.0016991752042110092 0.002985329185882719 0.0005319866394448665 1.1084896557987323e-05 0.0013813900469266968 0.0057817271871628785 0.0007564582241526981 0.001353712542392664 0.0015635044350894183 0.007744049207614562 0.0022387037746855695 0.002223063894753768 0.004208902879697608 0.001224727071216527 0.0008393189796800556 0.009026197025897352 0.006466323444062184 0.002389889397206967 0.0023742760688406704 0.007594053743712981 0.00779323986826008 0.00041628106996346206 0.0033537128453069625 0.006287355267753789 0.00011604168639577707 0.0008246798489088007 0.0070055368567257725 0.0009518912043643489 0.0036504829158854127 0.003999421950879102 0.0045884103905917606 3.642400778047347e-05 9.896602419769071e-17 0.007619540536850246 0.0059146081424060895 0.006701440838618181 2.5599501615888305e-05 0.0001826845146428901 0.01108406294656672 0.008615888534933735 0.0011061019109093794 0.0014638195716359028 0.006292903208189059 0.005094749803452807 0.0005029583029605871 0.00222439241653516 0.0010274507923929111 0.00204708763103766 0.0007493660047843005 0.006261503162784529 0.0032683656816679557 0.004173817796172276 6.154589056840229e-05 0.0014717152747787644 0.002702581659373543 0.00028617605018223447 6.368061303091327e-06 0.003254618089730623 0.0003292035404584615 0.0012274337384079017 0.0012581386834810832 0.0010590097575060083 0.002301734311141176 0.0070633200988461375 0.006471552191913409 0.002857532870900468 0.0038125944617318818 0.0005926158512101472 0.007299870687478154 0.0020053659238688883 0.006077015135470513 2.247716405248124e-05 0.0014637114418981651 0.003434578518672803 0.0028526272428641424 0.004823809217446455 0.01039240857732701 3.869598087699243e-08 0.0026368188024542476 0.00498459831928708 0.0012821134228620135 7.480413688695298e-10 0.016854486960468294 0.012778182806614908 0.020832351814522056 0.018517508601411787 0.02131117028051128 0.021836829538746758 0.015184362218317956 0.017621198050296244 0.021253047445292054 0.014511477492425215 0.01974497411249674 0.015686318337102666 0.020677760332460784 0.014778860962628397 0.017536667713666236 0.025368962542784156 0.014754908895533186 0.01496847892679338 0.014492585682696459 0.010242680695370243 0.017685667044251015 0.0039044276125483157 0.004471189979877333 0.0019849684920742955 0.005780601388668127 0.0023184655845782543 0.007319554860878615 0.0022041641250824806 0.0023072009005094055 0.00013975309465572586 0.0038306883689685923 2.7104355614054765e-07 0.007851005870502376 0.003417511414451193 0.0066336515160850575 0.0017391338068247877 0.005843839268066493 0.000992302440602441 0.003217717979289146 0.009532325627091378 0.006141021105290876 0.003373625979358522
0.0013441487764532065 0.00769580552400712 0.002894414783307231 2.604818224095831e-05 0.00316980522701324 0.003921900040404793 0.0005572372980347932 0.007460395472611592 0.001916817635312238 0.010110664659688125 0.0025441243383676287 0.0008818739250947978 5.256658035083119e-22 0.0010116494143710322 0.002344653787284282 0.0017713198213179392 0.00028093961009033195 0.004430129618713566 0.004713763794509209 0.0005399858689637076 0.0006359160297816479 0.007732137932356919 0.0034261105404871915 0.0028721815481555705 0.0018653494207025883 0.0024393580136390217 0.003944420425650199 5.11166776433932e-05 0.0009430852313764005 0.0034218632420510856 0.00033493387435567834 1.1599767839285439e-09 2.4455832150441242e-05 0.001107060739301357 0.007329428116877871 0.000161812242658948 0.004082689414765149 0.008006944168996454 0.00040182607215891197 0.002418037017396356 0.0009068261845592633 0.008500178963383984 0.004893701654001008 0.0020447764571720527 0.0038798339158632946 0.0037023630259973737 4.0134807075565794e-05 0.00346270205146944 0.004937022691615623 0.006242272113540491 0.0016607867174878834 0.002547780170136872 0.0018611365392962379 0.004360085215179348 0.0013937806624949088 0.0007070803126430848 0.008363099581621531 0.0015132351013421308 0.004445253133249428 0.000716299828043902 0.0025886676757577937 0.005503858054926269 0.0033486092104608118 0.0015271463033034822 0.0005731069335526415 0.0008683955198817765 0.00605120621391963 0.0018298315117106804 0.0029208694333551985 0.0057482387994634175 9.270580490840435e-05 0.014310131903485047 0.003802101488855555 0.0066947080283179 0.005646545418130626 0.0054773598029869575 0.00640211832342208 0.0031046458878324604 0.0031053453227594036 0.0007029090554547439 0.005924261205144742 5.202580530410028e-16 0.0007022263951952999 0.014677206901741478 0.0021141160953825383 0.0031245177727102975 0.0018606199435138725 0.0021964853517379133 0.0007086957359911447 0.003923544996167442 0.001150715086618015 0.002911005292315916 0.004400768904169036 0.011894882982639068 0.0005313098004007802 0.0055620239522800805 0.0042673782230166915 5.383817583033272e-05 0.0014691813154067317 0.007645188919854851 0.0004345056821128467 0.007101104623898 0.0011048217645264198 0.005094150828662204 0.007278075636973865 0.0026298387112266503 0.004417081667010075 0.0004067524154607796 0.00518595915194665 0.009749041698174652 0.00917642809027294 0.0006078601111394806 0.0025692301826707106 0.002811056067789884 0.006987763982675199 0.005188307255704313 0.0049801283972281275 0.0010323582871261236 0.006415313291259611 1.3641064451856048e-05 0.007915890710745551 0.003520967982975852 0.0036165238362363284 0.0012143756179280119 0.0014956972196694621 0.0025325620300349324 0.005128273754798482 0.0029546872684409245 0.008746966581420074 0.007034821460723356 0.0058236842139068315 0.004443147887662249 0.00046837330688091777 0.005375884725476999 2.1457357755862067e-09 0.008513812357289858 0.0038997931100589914 0.0013744415614210628 0.006838812486168718 0.01023902903052097 0.0009265424141932481 0.0012879088052820383 0.0019552777145178377 0.009212478582381396 0.0015283951066493073 0.005848085135664956 0.008778246213306843 0.0028443472820692635 0.00588568845495943 0.001060617967407496 2.5759833451259738e-09 2.1697552824733772e-10 0.005903890914027509 0.0008287611665262725 0.0038365205137499505 0.0008148158670318929 0.002597546348709594 0.0014631291213727862 0.006034808167179847 0.0029407071525996585 0.003327450151157804 5.210951600166546e-18 0.003520005116944748 0.002558536316994613 0.00042654260915364747 0.0030450694845020753 9.180774743149805e-06 0.0029415201713619624 0.00032930077302464265 0.007951111488868902 0.0019453270064660444 0.0003630759294151638 0.0015463649208244383 0.009665838925254737 0.002438431756983266 0.0011516333511488567 0.000422777805288506 0.006638276177515058 0.0015408624796552084 0.007632178920166874 0.0034899301052920407 0.002740517338347064 0.004290298742087385 0.0027336513779086065 4.8048513516714334e-30 0.002181635564682467 0.0018182256933572678 0.0042591625952611515 0.00010315972619226311 0.02507421098854306 0.012297739803980632 0.015309020238645152 0.012158062243814632 0.022385074424250553 0.00746076641272082 0.015183896140631774 0.01595369734306649 0.021359678045751194 0.013274521181489318 0.01100446943615417 0.01086184561432813 0.014828852334641665 0.012176889505479405 0.020373955095582038 0.019189084233424077 0.02586852888879185 0.025198753153402153 0.01837910233691736 0.016120222214968977 0.017993406794782296
end
