alpha 
0.26187796876940617 7.150584972451078 0.5169511439349916 5.11845795433786 0.45801628538168604 8.696377623987587 2.5843368801838054 4.627457086907146 9.846118950294464 5.076509757598791

beta 
1.5154024929253773 0.6760328064194687 4.9864808018229825 2.737796044995522 2.271427462215727 7.019736528568842 2.1281032588989834 0.0925029504844721 7.642813215001269 4.238454872580748 4.373487091498345 8.16950704289972 5.575950561047801 1.638443572364705 1.074220660257269 5.5173483969697665 3.371544764867224 0.9750265062358265 2.3364638449125765 9.89331746945411 4.351324524987169 3.974849331661463 5.907731800139518 9.301447366773028 7.458477810534644 7.022477002485306 9.70747153002523 5.832524060305894 1.2080300936391508 6.76245263604763 5.436601213649357 0.9641572446020386 3.326884382141696 5.445883606048222 0.9573808362192815 2.2639921721041647 3.8411355660142776 5.8249112648088 7.592438033095474 0.934595072474087 4.1696941941882315 9.030733286748289 5.351749538135517 6.465422449471467 0.1180755849216586 4.445927116904467 9.382067883691278 5.817439148792273 8.177576136207788 2.541056529227854 0.6207888554654828 1.8132435311663753 2.400224454380183 7.838422363711718 6.242475949178726 8.358502389128283 6.1827145251123365 4.543099848289057 2.7262352847588267 5.3634578682153755 5.175111015011529 8.269279317335334 0.57389309598737 7.024558863137119 0.8724070937244788 3.3381448861854413 1.9301645030018633 2.499929513320823 0.898003678388698 9.675319795460767 2.4553360434582503 7.324456694924052 2.1746984296676866 9.225592921491529 2.8776071436261343 9.845722189828429 6.188432147609959 2.702414325991216 3.993306257682545 8.200873116296792 7.719771794053003 8.735493361073093 3.6897100371579308 3.6797491494858825 3.121948142863522 1.475090649916947 7.161846951980429 9.474961960852497 0.6370984425673032 1.4746692984486875 8.84935652691513 6.395328383159002 6.805868961965757 1.6898113359332911 7.692167568689351 8.615556703354269 3.084281330635099 3.3394551980609344 3.5010445720819483 3.309920103935289 7.135345330216138 0.948212666226842 4.63568583307428 3.2066240668717185 1.0996600783373511 2.422044855949842 7.855389610464371 5.428335078381937 4.22120962584088 5.012696797803544 4.535570251137494 9.919014594782809 0.542220096810655 0.7182810254272098 0.9816701679557549 0.4164035350314843 4.84740984688092 2.037646157052139 1.844319006791656 6.5628499410519705 9.808826084703144 1.1817254458109239 6.821240806432378 2.6291708902780098 8.240601135655663 1.2111834066430682 6.95109669221857 3.4971400292799038 9.933176426854482 3.8295827417971804 9.611157577219455 6.908824504924035 5.968224176123492 0.42952116583046096 5.812296499392567 1.8543184850803507 8.552217352509414 2.7428182308907156 4.798445534068226 9.283959373532939 7.653242973797626 1.8314046097315406 3.1820050966105318 8.900006750514915 5.075136146699531 9.552574384238275 3.123795169823196 0.5723519902803953 6.213964122127717 1.30624992918423 5.569261937419633 9.96469479781594 7.265215359896749 6.578533073337668 0.4928304192957078 1.625922860743635 1.4507664577796098 5.441232301504092 6.5255535744373425 8.466733325106157 1.437771418204511 2.8589330793271284 4.616021792671403 0.4632765606137901 5.98629465904685 1.3812381706377608 2.2431117143594994 9.141332528016248 8.212406066218852 9.150459562996126 2.06982054817884 7.779897148466192 0.9164802475163503 0.569693575248913 5.287311349949746 6.876173771188633 6.492112124153305 0.6788697193777216 5.397979481709088 9.423447111241192 9.106191939630904 3.8471689838585643 4.776976000036319 6.109902800871007 8.256181595106298 9.896112662604779 1.2111105927443966 3.918316841988645 0.7928813862228656 7.522371221131397 8.389435943844845 8.897454006550953 3.25354152217878 2.128935442087978 8.875421989756745 2.369277878994316 6.040424234868468 0.7323881389225939 3.6381457799492067 6.445516652603938 3.6238828054114816 9.795609506394264 9.743875572519972 6.248364420782222 0.6448167320006803 7.682161227551028 6.442459197477887 1.0240398415107432 8.754056053828084 7.933668888814763

ganma 
0.7816626526925852 7.083827998075609 0.7851308902959908 8.168341241792392 1.9040783911328651 2.7829334946879425 1.150154512888505 5.651419220099613 7.1144712226308435 2.4301364755944856 5.468468452040049 3.974274607232977 6.248959256893375 7.314926182591291 1.7909040094431206 2.6181714810322876 3.9729944693324395 1.8183950470643373 6.283626992746289 4.468101464615152 6.58136255128369 5.569692598007139 7.0025660998535075 7.474288534808952 2.7824689760946764 7.2486877191118895 2.557326692625842 4.623413312844647 8.819308389532829 5.174949946694884 0.013796782122122986 0.9464412034243608 9.230899144706322 2.3564598628047584 8.734148824007924 1.8970365733956707 3.8285640597952053 6.401084455310436 7.23425253615177 7.998556159144746 9.330342950422976 0.3943150706219678 4.034342824698819 9.389936525335965 9.7026969941451 3.5857706913105103 9.76376664389503 2.053849030580107 5.494911634578309 7.08711175484257

pz 
0.005906574823194016 0.16127918422408033 0.011659669677201504 0.11544520155221648 0.010330412567963828 0.19614404895610935 0.05828890159365218 0.10437083216039354 0.2220761012133562 0.11449907323183249

pw_z 
0.0014916156603559543 0.0006654213159060182 0.004908209461702226 0.0026948216560555775 0.0022357735253972564 0.006909549764150769 0.00209469904045128 9.105095855122397e-05 0.00752284619689662 0.004171925078101851 0.00430483773551822 0.008041272664830932 0.0054884264854109825 0.0016127253997259292 0.0010573589307118546 0.005430744182473231 0.0033186226064330026 0.0009597217985011778 0.002299789050893888 0.009738024940043154 0.004283023048373332 0.003912457276757031 0.005814999850805254 0.009155445250371848 0.0073414042517077355 0.006912247221644523 0.009555096170320368 0.00574097262500912 0.0011890679963017317 0.00665630438212613 0.005351264464225014 0.000949023148508748 0.0032746632447572207 0.005360401153607771 0.0009423531074392131 0.002228454944873948 0.0037808423772332186 0.0057334793253507365 0.007473261739582637 0.0009199250052061936 0.004104243716096841 0.008888980490594235 0.005267744680804598 0.006363936592074413 0.00011622218677682232 0.004376140690895947 0.009234800290463613 0.005726124496967992 0.008049215099926147 0.002501170303296221 0.0006110445131967729 0.0017847815743695498 0.002362548828602928 0.007715384925641981 0.006144489618210564 0.008227301406030054 0.006085666251851625 0.004471788130153496 0.002683442361712867 0.0052792692286295255 0.005093878801248557 0.008139478842867635 0.0005648848628277117 0.006914296403934654 0.0008587131730877633 0.00328574699594119 0.0018998672716862952 0.00246068884620675 0.0008839079756006403 0.009523449112190364 0.002416795347082158 0.007209486826603579 0.0021405628203645553 0.009080781470275329 0.0028324381804988043 0.009691176749691006 0.00609129412649039 0.00265999531361288 0.0039306244897737725 0.008072146394088583 0.007598596779496434 0.008598374860238357 0.003631793730900464 0.0036219891963876617 0.00307294383007441 0.0014519365806329766 0.007049429521542047 0.009326236236289797 0.0006270980934492721 0.0014515218429962736 0.00871045074905376 0.006294942771952164 0.006699039214592705 0.0016632868584367786 0.0075714258496367825 0.008480320813383254 0.0030358682628519075 0.0032870367402319384 0.0034460896928053303 0.003257965249896156 0.007023343888033462 0.000933328847546959 0.00456292081964018 0.0031562906207094946 0.0010823990336387946 0.0023840267216699565 0.007732085842452884 0.005343128080080823 0.00415495052498875 0.004934013952812008 0.004464376722900388 0.009763318705062916 0.0005337090255151912 0.0007070063768969386 0.0009662611765936755 0.0004098673697451326 0.004771321463127148 0.002005661817446124 0.001815369267284188 0.006459834792631109 0.009654859792006204 0.0011631762448865756 0.00671416977168365 0.002587901558826195 0.008111250814272174 0.0011921718126677503 0.006841987347365582 0.003442246438477025 0.009777258242971858 0.0037694708943407126 0.009460294029643835 0.006800378694311101 0.005874542695541936 0.00042277909690532055 0.0057210625702415075 0.0018252117866679415 0.00841797568192278 0.0026997650101581753 0.004723125728904097 0.009138231761079798 0.007533112242799943 0.0018026575837619201 0.0031320580872704513 0.008760305930812187 0.004995473209392675 0.009402630400019145 0.003074761864788627 0.0005633679474091882 0.006116425333023499 0.0012857461036300405 0.0054818428511642535 0.009808281879223281 0.007151175385597213 0.006475271751346693 0.0004850946034160102 0.0016004012220767712 0.0014279941982712327 0.005355822859239444 0.00642312385624525 0.008333833472456798 0.0014152031380561053 0.002814057237560589 0.004543565439965318 0.000456004643065743 0.005892329531345961 0.0013595572764483685 0.002207902241606832 0.008997843687711133 0.008083498314647086 0.009006827458275165 0.0020373311765048913 0.007657778363693276 0.0009020945233918169 0.0005607512607459441 0.005204317960133634 0.00676824046965514 0.006390207326688544 0.0006682136986659461 0.005313248966387891 0.009275530000303098 0.008963254690930142 0.0037867810902708593 0.004701993195909039 0.006013997432087294 0.008126586711778351 0.009740776257859194 0.001192100141707687 0.0038568121611467854 0.0007804357575073637 0.007404294746005189 0.008257749405727237 0.008757793256528425 0.003202471626354382 0.002095518161102582 0.008736107069899534 0.0023320880126181027 0.005945609450945464 0.0007208920551311831 0.0035810388628530463 0.006344343250715871 0.003566999770081951 0.009641850670486422 0.00959092878913875 0.006150285660186436 0.0006346952311362773 0.007561576575127556 0.006341333787574466 0.0010079657856951086 0.00861664617979932 0.0078091363937182485

pd_z 
0.003137653399803259 0.028435024911603133 0.0031515751695976395 0.03278834364131082 0.0076431156290379405 0.011170906926351629 0.004616807781761775 0.02268522702034839 0.028558029147990105 0.00975475283150531 0.02195084870839843 0.01595304085487696 0.025083798221756253 0.029362670618912068 0.00718882504440243 0.01050953965937999 0.015947902283880887 0.007299176162444465 0.025222957152898323 0.017935299457922584 0.02641809035296769 0.022357170137011866 0.028108833465264046 0.03000236323376831 0.01116904231335213 0.029096784383439555 0.010265304046297838 0.018558733041385164 0.03540137533373235 0.020772643080908093 5.53813338563702e-05 0.0037990870478574966 0.03705353196146572 0.009459009298397566 0.03505953835409087 0.007614849236511966 0.015368147623787508 0.025694440350256097 0.02903884046001481 0.03210681339297391 0.037452706968767686 0.001582810714659101 0.01619415925307929 0.03769192011562595 0.03894736444944777 0.014393556557613988 0.03919250267308249 0.008244306378568558 0.02205699365635902 0.028448206161274574

