pd 
0.001266754472980931 0.032190469255211275 0.0004964337275602509 0.023009978956355478 0.012091333517323836 0.014514774958308373 0.001667697028575973 0.04175431114728433 0.02286443239644005 0.008019247878384058 0.01315348631167642 0.021679132050826673 0.026824101961899095 0.03095217321680159 0.007914210387990969 0.02036521173726072 0.032518646058671344 0.011455447584039331 0.031262269355422596 0.022183148673343953 0.01504680818613176 0.03384839556943769 0.022837173222495174 0.0343376688387868 0.006654604081341056 0.03052112012896565 0.017313860782004663 0.02451163839622769 0.03488077977067226 0.011002444344913582 9.026085734754689e-60 0.0005042852265866454 0.026301910318466078 0.015015322153057783 0.038825960212515054 0.009637446931256507 0.013378888492526586 0.03154455313482986 0.012182592440577752 0.019434001067075442 0.024536580567514683 0.004277850707961364 0.008562783564107154 0.033108689563757364 0.030130227315381203 0.0071529155076686885 0.04797974928837318 0.003914755819894736 0.0472737781754638 0.019099955515652793

pz_d 
0.0010850381578110596 0.1591978796748951 0.011230476017971745 0.14087181695651102 0.007650903941905309 0.20767075261175244 0.1064719837641476 0.09813204292676836 0.19023781076260074 0.07745129518563669
0.03651952367616813 0.1406302557734082 0.005741945713761024 0.3370632889047758 0.02991383066170875 0.12460280602811667 0.08895731675536464 0.10024455570532105 0.12014710829680185 0.016179368484573985
0.002337530954734253 0.1546436520060131 0.03620528259974663 0.04520895730355656 0.039305488055510214 0.13260769229578065 0.051339805599464126 0.09394130029292214 0.19908320820396352 0.2453270826883086
0.00018416528645432686 0.1593106315655533 0.0007936735792498377 0.3073001792309339 0.0008927626803749578 0.09132850441300996 0.0548104363453553 0.08809439886942255 0.2332025885903565 0.06408265943928937
0.006252728815863176 0.08824142436991335 0.011495854456662657 0.08044309061755198 0.0002881701390315355 0.1903613436365223 0.0921352871741063 0.040349039069617454 0.346894746005753 0.14353831571497833
0.008431634681682093 0.13271796925692203 0.008785891901301664 0.0988456261933473 0.005011276674918649 0.27821654609109336 0.045234001682999694 0.1568813319149936 0.12432831750028266 0.141547404102459
0.005302456356762828 0.12719719310269645 0.021968822345789882 0.12110231883354503 0.0043207938344871945 0.2342252126916766 0.029224362566193034 0.1044677324690629 0.20536969943145217 0.1468214083683339
0.004422506263906777 0.18263658261407867 0.04211834650741878 0.14344147631725698 0.024905865794750588 0.2209260340180435 0.013014432584895054 0.039459299914990545 0.3037526365994741 0.02532281938518494
4.092252310315047e-10 0.10609382849815223 0.030136934339835237 0.10645395817031882 0.05945918361877028 0.2413632602033647 0.06282615507085053 0.10307123046192088 0.18244560489581688 0.10814984433174508
0.009832864880100598 0.06324756917666928 0.012657818664604381 0.08144584512658275 8.892334015565082e-09 0.24593547865144386 0.02645942659801309 0.12545972509694045 0.3304089512306178 0.1045523116826938
0.0015259506691424197 0.14047142084281433 0.03404864415429119 0.2499248822806575 0.0028935883839564473 0.1756642440730731 0.01851013718315039 0.13654001937151128 0.17324006815343299 0.06718104488797039
0.0025722767889386137 0.14587124351245984 0.0005940816429014476 0.11068153994081945 0.0001637004646986834 0.2602649947438621 0.07332755422269452 0.11491239095845404 0.21348016650275053 0.07813205122242071
0.004865414861261015 0.15919538345701395 0.00023565490433849137 0.11735352980267057 0.08307314360572851 0.19111231510228888 0.02080739018127307 0.0904315313971353 0.26358083880241595 0.06934479788587426
0.011221064328794928 0.17748418205910665 3.548724495448913e-07 0.1727154000710137 0.02663745952398393 0.13644962565853253 0.008605073387003101 0.2805754719239796 0.07371581468209956 0.11259555349303635
0.005245008678187923 0.17403357931584404 0.0002190011528584865 0.14148151986050508 0.03088002159168474 0.25815129074654386 0.008687454825080619 0.09095266977767863 0.2210104342994672 0.06933901975214934
0.0005600960881751349 0.13814918563085493 0.006766739152232932 0.2522835052782864 0.009672844046496277 0.12439533103366143 0.1223632394988517 0.047292320278655604 0.17452065149819637 0.12399608749458918
1.952650688307289e-05 0.14780554408273036 0.0097498839404203 0.04157616171649969 0.019631656953161974 0.23107761738597452 0.040884443173923264 0.1812921941569063 0.22734615140267062 0.10061682068082983
0.007060846214709632 0.14265341011996385 0.03233963009945689 0.09894818930074178 0.0005616469067056877 0.21192633317141485 0.01567358431814264 0.1675922778673165 0.23455254855974048 0.08869153344180769
0.006606238307689453 0.18630768570744866 0.00010181278706746155 0.1654341068742474 0.003779877392349255 0.14877286051929428 0.043578798042666116 0.2019262799540055 0.18362474527379966 0.05986759514143211
0.006240438986453789 0.10115402222539915 0.016662187428976547 0.18045051800358644 0.008160425239193999 0.160904909584855 0.12008744048578378 0.08390796373166709 0.2598040184336304 0.06262807588045387
1.692416057976633e-05 0.2002288395522499 0.007130083893714766 0.08506777127195457 0.03180049457827712 0.20188624356831544 0.04538947267522676 0.05662286470563295 0.2792984247614599 0.09255888083258887
0.004895604557704928 0.19743470650168676 0.01082996580553596 0.23745490063005284 0.007211716663960605 0.17107793509710975 0.09133393774469359 0.034147793200145736 0.19196621968758668 0.05364722011152288
0.07673085977182133 0.12907864073948017 8.69420009679155e-05 0.14148377979267623 0.00016073243976716219 0.20223319971915488 0.06678758695706442 0.07790236283860658 0.15749630339420614 0.14803959234625522
6.227830873124148e-06 0.24314806529418173 0.004675216589028661 0.15870034637977515 0.0007405089160822215 0.07454296800150054 0.05922823369935538 0.0778950262906256 0.301933750613328 0.07912965638524966
6.600812400741815e-05 0.10877209276550935 0.005046824955084072 0.11232745625469132 0.008332329078979886 0.22629394443482176 0.06816029565156817 0.0981517478907078 0.18433352506323605 0.18851577578139436
0.004440400943623279 0.1642504203069012 0.005131176536512835 0.14681257990255675 0.007878483860481638 0.1637303379422076 0.06543983960292557 0.14873675466411085 0.21609606746889992 0.07748393877178046
0.024892770387368108 0.07529375593749674 0.006744619163951728 0.1823236545508289 0.0011555113789865784 0.16789559854761416 0.03331243836032171 0.1365291224952962 0.29824888516488063 0.07360364401325514
0.0009262522260375822 0.1642668531811976 0.0069281997632271485 0.1291521359497334 0.016119943664834144 0.28410821451926527 0.03295887820929136 0.15756177077776193 0.15669600778666892 0.051281743921982745
0.00017908206778067919 0.14920655879478242 0.014314765589217938 0.08260121266480606 0.0008386759394931763 0.1633292886209462 0.06512077525099552 0.16853281747752397 0.14108853805183713 0.21478828554261697
0.000280342035601829 0.14969633452850017 0.011468636038291144 0.07486887853342547 0.012667788129933496 0.17393369766468691 0.09666478706976778 0.033222137350854684 0.26971995494749695 0.1774774437014417
0.0044790507640188925 0.15754548987980094 0.04456528884326403 0.03929522373714739 0.0009736296043263697 0.20373925228194617 0.02158125649449306 0.10621080531281882 0.24424682765085093 0.1773631754313334
0.013382706736480338 0.08889141050403833 0.016764015392215625 0.1573002060524535 0.004193672865606296 0.13828544256883296 0.16231022552554414 0.10539462996709938 0.15773059814355192 0.15574709224417752
0.007085608931637588 0.10114780179427985 0.00045781496633070915 0.04942171240139454 0.0022669002003604254 0.16958750887327353 0.0024664211309879188 0.08223034726350696 0.4497710174179113 0.13556486702031725
0.04384773116997287 0.19080577560343198 0.0011865345076761914 0.09742958741136772 0.0014152518301721224 0.17582340623113907 0.03940970389985189 0.23476897016160483 0.1724713636620049 0.042841675522778414
0.003883768674154802 0.08754924069322877 0.017131833234132653 0.2202488489947063 0.02777735239527842 0.14212200814813028 0.031717167362809676 0.17725635183559263 0.1919055680645116 0.10040786059745495
0.0001262872678324114 0.1123085414155355 0.006983165509076019 0.22777197639545527 0.00011176566583792807 0.13271675687614148 0.11989317264974454 0.08443629168674321 0.17329171987164377 0.14236032266199009
4.4330479912413694e-05 0.16359640879722553 1.2886151113376357e-06 0.09180820316575453 0.003913059356848802 0.20597857960394705 0.10885381377235727 0.06138603095212663 0.24430462909050998 0.12011365616620637
0.0008227472641397251 0.14377932513604547 1.5995154246505507e-05 0.09377424694167426 0.001899138824416705 0.2926778794368912 0.03232832633259594 0.22176317628523207 0.14580958879650235 0.06712957582825589
0.003243345933544375 0.12360019774654057 0.006065087435472314 0.17985161288558665 0.0037199778338005986 0.18076550129614818 0.1318986006236939 0.05284023977178928 0.152888460508337 0.1651269759650871
1.3655812295763226e-06 0.1378857190597447 6.549392664666763e-05 0.1522080576075931 0.01956515958065921 0.27093487313214215 0.06311407833458088 0.03530745398293864 0.2441077516807683 0.07681004711369685
2.057718625575595e-05 0.18779287718576734 0.010115814435290959 0.10196964107982041 0.006664871649630623 0.1967852150048837 0.07170238546904822 0.14266473792107162 0.1525481716677993 0.12973570840043197
0.002095635152322066 0.14003185816095454 0.00911508730765658 0.13394122897380284 0.02116804062947494 0.24669229564568143 0.07809657462086468 0.0857805913529474 0.23393288721259317 0.049145800943702495
6.602853700669024e-06 0.14462243491280027 0.006157150317880394 0.09920130286067907 0.0014086936891906366 0.17808940743175788 0.052746981710928176 0.07074543827479052 0.29968431828994163 0.14733766965833053
0.0005782835542934606 0.147212099935661 0.012342119651770692 0.17465608108231856 0.017146929997959096 0.20663754267582182 0.02701547943573198 0.04852423096367421 0.17460160270017333 0.191285630002596
0.008884410430548717 0.2026982213165817 0.022602867608940137 0.19250085152556362 0.0008094549432710975 0.19843400839769895 0.06843382853694109 0.07199327770745993 0.1709942527086821 0.06264882682431272
0.002156004254581353 0.08847173092040835 0.00347808633925408 0.2724700074875392 0.02049959987709504 0.1722601702664954 0.04681155967372351 0.11186191290072935 0.20326694625489103 0.0787239820252829
0.00021551856770997099 0.21499806776507258 0.022473921979051553 0.16417667434249117 0.027890498370372156 0.20294157149567216 0.0169486580941605 0.15238152451076015 0.1667704873742339 0.031203077500476007
0.029362676533175758 0.2666885744682351 9.30666160186087e-05 0.0954768354033546 0.003678247927109846 0.16632541127756476 0.057559830946669284 0.10987456402939298 0.21492508032436664 0.056015712474112404
9.991362418617958e-07 0.17687556137934884 0.011982868196271866 0.06934065575233118 0.009199916695668378 0.21036339474609905 0.046513200398907543 0.12223876940425345 0.30758730948891055 0.04589732480196717
0.00033164744133491644 0.19161877838260852 0.0002663521681620823 0.06209213037643715 0.009541304279044757 0.09726310715286327 0.07775322459455164 0.1251701733408088 0.3416696791771779 0.09429360308701099
end

phi 
0.004149071826648778 0.0005156828469269213 0.003436049182398729 0.0008390041722194826 0.0025065889082096955 0.0021956551381368083 0.0011730894286997445 0.0010957424791658494 0.005884881348133728 0.002454772540427001 0.002072499064286697 0.004111343113511718 0.002993352711015403 0.0013240220379835306 0.0053937029318825245 0.00698353401710743 0.0033348309098454863 0.0001552640068084163 0.0031228695377332957 0.008599713441727197 0.0017930561781433032 0.0019339118563360743 0.006770831386490395 0.006048780517792 0.009556352878081943 0.009669337290542777 0.011426019311217258 0.0040007988741180426 0.0004016087115654328 0.006794025530445127 0.005277680555463107 0.0005565658035367585 0.0007002329203233514 0.00355623678260712 0.0011520752663224732 0.006610453013798645 0.005474199261797471 0.009693078506851333 0.0044739671669233065 0.00017559514386814273 0.003234483039740126 0.012766090112607589 0.005865874614345703 0.013872050611702172 1.5574580045938e-08 0.0035157801351214392 0.005080064970835276 0.00497436331887806 0.005580350244233227 0.003350412821484134 0.00015641988709675655 0.0008184280125386552 0.0027356237916522164 0.010185392364055855 0.004166697908149013 0.004542632052813132 0.005363459324205618 0.006341718037383678 0.0005916500467640158 0.00685595934121073 0.0048121837196863915 0.008402654020630894 0.0004597642062938593 0.006503691019270118 0.0005005248977185112 0.003653705637615098 0.0017657433051415988 0.002641582219319574 0.0021020572025765454 0.008817909662226639 0.005346486694108613 0.004986555324397745 0.0020504974815917366 0.012411262960641356 0.002003575253655993 0.009112670089335341 0.006670286499711501 0.0016769606248495912 0.006131284156218601 0.005974223527190993 0.010327627117832246 0.006935595336790303 0.003308771944805436 0.0034658396188184198 0.001050482322029174 0.0011318459823129797 0.005944860749898048 0.011471761964300229 1.187168397766737e-09 0.004159820887481093 0.005913535993684595 0.006642794706937825 0.00481202137457076 0.0017597936083534667 0.00789973228580513 0.007654503206343739 0.004569443925563914 0.004473661749536623 0.0034424455906387204 0.0034248816558426283 0.005005487325924112 0.0005026441412758663 0.00858318025042411 0.004033647089396122 0.0024737043556789643 0.0016377344104523464 0.004594952290401484 0.0038087081495904065 0.0035912836496138595 0.005414984400755395 0.0031160519745928625 0.006568030897596087 0.00010881712383827531 6.168947600992844e-05 0.0011057278262846136 1.7592812315202852e-05 0.006486211769232097 0.0015747548268341066 0.0005045965521477709 0.005479250163361083 0.005975697551510912 0.0012202272615018238 0.003978582519215519 0.0009628865239518029 0.005475153600792943 0.0012279186567404517 0.005714934857296104 0.00341014436262404 0.00638140805190793 0.002717261451346394 0.01078529473990918 0.01258445644475679 0.0023729651466686307 0.0002988589254930359 0.004829168661755148 0.0010355559587706484 0.009740078830767655 0.001850797862046597 0.003507280569876026 0.010452975972284971 0.00977911946329754 0.00800195749340564 0.0035949900937339804 0.007846887330211366 0.0057866054630202075 0.007353757619549074 0.0017454162081591018 9.545558255838558e-08 0.0069322180081379985 0.0006393869339688746 0.008498897319243106 0.010733951542385612 0.0065802630015736755 0.01075017649031226 0.0004494654903607583 0.0007215358003548157 0.0035342612638413627 0.010186461747527202 0.0038542504834289818 0.011883065186352593 0.0005341695800967216 0.004626403781676505 0.0023998699885859317 0.00032542956016907114 0.005825552363279321 0.0002194263292998422 0.0013606249947842567 0.01745757715148734 0.02005862130208362 0.005279226504722766 0.0006169399251822462 0.00512316776510582 0.0020434996372312186 0.0006705399875720879 0.005040162811076602 0.0063608029000585195 0.005941388666613279 0.00013623752134128865 0.011757142114332306 0.016232476258203718 0.010236254315928632 0.003974104515753416 0.006044979427801843 0.004460993397776184 0.010301804509904207 0.013088454079368976 0.00036008709948405406 0.0014941845963161034 0.00030312170162832933 0.004026937795311905 0.006882445902216376 0.012261711180843652 0.0022996645414836187 0.005068669895950226 0.005015936216509546 0.00308185538157896 0.007763477471940856 0.00011012605628580266 0.005055365537628553 0.00560483911810254 0.0018203903115767855 0.005241024768588107 0.008414557428485028 0.006467463051414241 8.479936157664273e-05 0.005819658902006644 0.008374950890967245 1.1496993850094817e-06 0.0071906424312579206 0.006260648921254193
0.0005910262805294734 0.0007549509490381989 0.0029970701053150424 0.0007263572816392508 0.0009338685767399713 0.0070098597744274165 0.002766120129943897 2.2392109813373127e-06 0.007941840164668399 0.00485141260947134 0.003829898064503598 0.011122618797456255 0.005937368451823048 0.00047747114233011735 0.0015709758058411413 0.006175481786563559 0.003976359003918436 0.0016333503342380682 0.002433393826923917 0.005718799886043359 0.003554947287816243 0.003052426473939307 0.0026771875429046975 0.011253365441218258 0.005466430532708005 0.005740530546433954 0.020548183498786014 0.006697448261775803 0.0019984898480512555 0.013489941955214446 0.002329647917705339 0.0001996375179944141 0.007519368962649035 0.004362060273718065 0.00040148490897958113 0.0025978504019294564 0.005296202551775646 0.003183731762595333 0.009384610221742105 0.0015016513913571803 0.0038874502233774235 0.005213356306077684 0.0060796520921212105 0.005677811417692159 6.259282846054095e-05 0.002862510451206241 0.0063694752513363834 0.006733951856366421 0.008417326127439916 0.006884174085552846 0.00013162767956098525 0.0022240581321257423 0.003460866661942309 0.005798082364925184 0.006529963193788418 0.008278329395750614 0.010119292908238221 0.0041265153695143756 0.002992033270333783 0.006232121519930494 0.007205364513414163 0.003139163401050359 0.0007997759933576134 0.004842584285928328 9.736909555169994e-05 0.004338444736647675 0.0010691525429088668 0.0011326249088260503 0.0007965568414751476 0.006565278170323176 0.002792614009153298 0.006414649778156979 0.0019148834887635713 0.006261910336468424 0.0011762492067107658 0.012629316452396637 0.004866071021439712 0.0019220743954572893 0.002863478802847624 0.007965816144285601 0.009997190988146385 0.009634360342714473 0.0026022992413448046 0.008075754281526603 0.0026717546862089258 5.389581566903095e-05 0.0032874151971584117 0.023749409916458724 2.4202947588385967e-06 0.00010428870396621905 0.010608313590793514 0.004977287518051405 0.003962534602260004 0.0018502702643646409 0.007350624714626763 0.0051792668364632555 0.0032942292508609332 0.004244119232777065 0.003758638481442685 0.006624517593901879 0.005895436554477965 0.0010259722137293868 0.007626140178591625 0.001726345915990089 0.0006669333739680082 0.002564719748099031 0.008933917355654498 0.009693733734227106 0.002886502230891652 0.00299930262105988 0.0022092032191535537 0.006423289613844214 1.3566780287116472e-05 0.0010122614336294722 0.0028689982158000664 0.00024882752730692086 0.0016401332300826394 0.0014256683082014912 0.0009249488883853558 0.009968554652314027 0.011088393931906214 0.0004825949793686248 0.006353297426879605 0.003702641223668869 0.008156608755565087 0.0026168502972416137 0.00877545396609873 0.0027592721173149235 0.008286313168434582 0.006198095142269484 0.005337864660941465 0.011023522661996247 0.005173523382274342 0.0008874194100712663 0.006286561135298748 0.0027034971792524094 0.008540886088577655 0.0011480002931819138 0.0036715581018805957 0.011003604116331958 0.005906784550121673 0.0033704841812064374 0.0037134519191775904 0.006693465179713992 0.003409964072407171 0.012288757912050417 0.0016082155803676928 5.497289155287033e-06 0.0051806753673219 0.0006308248682314187 0.010818048611186761 0.00897455215090259 0.012299478006075617 0.00842119031890933 1.4075563146504575e-05 0.0006911436813584787 0.0008519205147221265 0.00640816970108425 0.004347938754860003 0.006888874665295959 0.001919146733998024 0.0024951515093668527 0.0021153274370697326 1.2480859471632835e-07 0.009828900025422364 0.0010118276125251015 0.0014691890240545488 0.005294066487436391 0.008699566502048407 0.0088758916330778 0.0017973515089609168 0.008212872431772211 0.00028713904673986404 3.5221479724930364e-06 0.0019356206643559627 0.00865485015122189 0.003575779687933941 1.1559504056959399e-05 0.003959328700066438 0.0044250676315291705 0.007302220265027951 0.006168166627966699 0.003005647647858435 0.003753767917410365 0.007054903323912974 0.011536722422128262 0.000982586491959288 0.006266404409878078 0.0007596305573193196 0.009788767768078457 0.007350183582142554 0.005096601069290219 0.001698808064425233 0.0014829074508754287 0.007291682865077064 0.0023753947287788136 0.0036355561040541285 0.0020593258521332024 0.0038151852269916954 0.009545285761150643 0.0018296472095848063 0.013298058213238805 0.004818742267253897 0.009294472085935961 0.0001778021457305399 0.004405308036142231 0.0051334883612343596 0.0002985560788813183 0.013531166298118204 0.008587980901585095
0.0019157064651692652 0.00027403673609863844 0.006292957255225155 0.004464341146288393 0.0001651117980085519 0.007420038312070587 0.0012059028399683913 0.00013174013721086207 0.00662471597989002 0.0026835586854489827 0.0035960400444105135 0.00936015381310224 0.0037877183353897587 0.00014954520137068497 0.0015363001975561932 0.005922255904137139 0.001954034077634209 0.002907069204716306 0.00590034934305679 0.007316910782849018 0.0057933402565454005 0.004078907709157233 0.008925708582928836 0.005880504182748316 0.008533122874745044 0.011029281518790872 0.005875134305916069 0.006133097676075066 0.0005243632461593533 0.006285171255866126 0.0018801514130784012 0.0010949967725181467 0.011404529224903365 0.0062122722386842985 0.0007711731867256483 0.0019468310643890904 0.004430679007384391 0.005481960291126253 0.011079948874463147 0.0001434862044444893 0.0032922048331848596 0.00679105738464797 0.010705739328735224 0.006953951663959127 1.8356115291883205e-16 0.008154012992807338 0.00873710449867164 0.00629418620862711 0.006798757550492914 0.0012585990687058043 0.00036612337184984 0.0005572443352895119 0.001886055825310452 0.004623318893673208 0.005086272702433347 0.01077784711708385 0.0063492054155731914 0.004858892488598972 0.0017063776083061258 0.003429815869129084 0.003373739663880657 0.006626511015205005 0.00012557048545223527 0.0025563566137071134 0.0007417138225236826 0.0014220656319157187 0.0007553593510599346 0.003585600697196285 0.0008979556207068865 0.00814092692150213 0.0019209530159465032 0.009776878046276949 0.003983639242437131 0.010434219753473209 0.0030734435336127 0.005580708822510442 0.004724923700191739 0.001386231587581622 0.0012787207378599497 0.012066959870721742 0.011559055626748437 0.008189565458320327 0.004849397906786079 0.0017054895056968456 0.00393776492342369 0.003970580630356572 0.004434543329922242 0.013456204742610695 0.00026518875976940193 0.0007428932025925306 0.010768796893005951 0.005141569815561763 0.008157179560366736 0.0007423167176758413 0.004433498690888622 0.009027271465141354 0.0015822139121153887 0.0051904241393977415 0.0032647603068445183 0.002987455770141696 0.008658891585342655 0.00023987921705371587 0.006370213364531053 0.006256815663950509 1.7774922625016127e-05 0.0035995884528530575 0.009760679879413562 0.009023630583318254 0.0033680980354522483 0.005547736925013916 0.005230615262650587 0.007308421261626697 0.000626208983691278 0.00041353768229364867 0.0006969443682584104 0.0008391430443912542 0.0025905441953574903 0.00579026141814377 0.001491395763771587 0.011947213726572288 0.006505681330857428 0.0003053822603741723 0.004240591265706076 0.0011642953911976002 0.00844798761553756 0.0002658430161871164 0.004498245484346624 0.004409569643226624 0.012550756883406672 0.0021186984317008626 0.009668449077014987 0.006642353732921188 0.005082603349004832 3.845072317677714e-05 0.0038791843979300348 0.0003693759994853427 0.007362349127004165 0.007790835786041153 0.01145701048211285 0.009297343244130453 0.004275917347896409 0.0017588052930659417 0.0029476793577537823 0.005633936126552188 0.001998753262843139 0.010038385846908022 0.0037614312417310683 0.00043844008065826903 0.004307337146663238 0.0007569683911237148 0.0084390650032089 0.009785001784866786 0.004865958960932299 0.005643769692736476 5.669679205822647e-05 0.002368394009577114 0.0029607865255123315 0.006567284575333887 0.002990276780368132 0.006830248407859675 0.0015603821835947658 0.002361850376118536 0.0019869158925730967 0.00027268963656410037 0.005500825687477338 0.0005718939313941947 0.004153185103005515 0.006169348579208013 0.006414809404399464 0.00694887946615453 0.0010243665370083589 0.009179973908726541 0.0003573013142253879 3.403759921360856e-08 0.0036300669224354717 0.013307721744325108 0.003639210544609601 0.0010959522140665714 0.006828842456755513 0.007376085916699752 0.005271537848859286 0.0031363592526113164 0.0021794006019830213 0.004715293470837922 0.004106440207104771 0.006546171112901041 0.0006851610644389512 0.00525331064909025 4.917653545249394e-05 0.0071046490740753684 0.006987377373484734 0.01524515575630256 0.003082022539103929 0.001242420456751838 0.00846928302965725 0.0036996299957251567 0.0028322055376650106 0.0017276045604256516 0.004918090120146532 0.00876165666032554 0.003365133679997078 0.010099385364707333 0.006719375208806041 0.009279995228060795 1.7382470336795377e-06 0.009173990023641016 0.007069032118994576 0.003671874849149738 0.008803884125314397 0.014526008450629749
0.007802119643356149 0.0001052621750195908 0.003233086170481722 0.0026521727249967974 0.001385146940279267 0.00843589987557641 0.0024884175547781042 2.2411755790656528e-07 0.00791759356239825 0.006686065357383917 0.00215100196162722 0.008230843030990507 0.007588665368866775 0.0007033894719423114 0.0011017525889417427 0.005158407440723458 0.003280603672716161 0.0007462472206971979 0.0005458725260685811 0.009409722333088988 0.0014498554090955653 0.0056936848049348315 0.0070072880360500895 0.013037211027056841 0.00953154474230527 0.004468070483516821 0.005033433723647518 0.007106744770534012 0.0005426703009605912 0.009152749312351029 0.003755155165852323 0.0030580781490823746 0.008798763707615492 0.004603610803874692 0.00570749607045242 0.0005339729897578061 0.0033189460699592725 0.004079902944522867 0.005119869575040967 0.00047903474852742855 0.0019032316451518198 0.0074806378349518265 0.003934431238928904 0.008972474795359153 2.919351704777806e-06 0.0011837887774472815 0.014982594748907695 0.006600398265154978 0.00878513083820084 0.004552922760413477 0.0017097163850361915 0.0033158430169399566 0.0024790401952854294 0.011169510746200557 0.004105057807165769 0.01425846447241845 0.0013521967162636959 0.006700180891703026 0.0035645814156325304 0.007514860777451492 0.0034112618535144354 0.008940171484046069 1.5269763664644148e-05 0.007464831230961294 0.0003827095029366406 0.002601085024824118 0.0014830758133413454 0.0004690634709706637 0.0005066060398721478 0.008580772501690958 0.0033038379303294597 0.00738875569797008 0.0008428231826056575 0.008642512823019236 0.0007549030824038495 0.01120301141237035 0.0023377070973291977 0.0021040373472966697 0.0016385546797460379 0.008344123851490746 0.004831154923758998 0.011236110104962761 0.00176745299756922 0.008143256879365167 0.0010754457380297475 0.0007308616920752292 0.0043916071664474865 0.00807716499175138 0.0002588606129408823 0.0015039428738409329 0.014156796832494675 0.0021081806056979777 0.0027204226846820976 0.0005417120934137815 0.00585735000723595 0.006593651808330526 0.0032564491074850944 0.0014185496972972508 0.0025406023353983995 0.0034074072396550166 0.008526408771657796 0.00048192945336784075 0.0049003129323057695 0.0034743754713506365 0.000737115781936924 0.002684166095173574 0.006983125561245241 0.003178896002033133 0.005644754015458497 0.003931232839953677 0.006063539887764861 0.005606277015153266 0.00024430308651819926 0.0009836685184747116 0.0029203484813086766 0.0010989965229002406 0.007181120858567676 0.0012328884608613414 0.0021661547733369687 0.005708919709785743 0.00632810498968993 0.002494646082418809 0.008253455912935411 0.00442746040293908 0.005638400130780522 0.0026083066951345505 0.0030492270649657327 0.0021934337684356093 0.004990431760632062 0.0013344505317767635 0.0056854500205688815 0.004506455450669333 0.004198922848346641 1.2251030915410663e-05 0.010815629751958588 0.0009739869602280247 0.0040234307396717905 0.004044397682766658 0.004810842874188374 0.013898058861660387 0.010697503069404158 0.001721012030758841 0.0025557508437048185 0.01012530984672452 0.00854992878867186 0.013024739291241962 0.00215805934579895 0.0005374307738399775 0.013462349183161025 0.0008922904854544762 0.0057026899988576 0.01045846322329675 0.008350514953893079 0.012120191609818242 0.00034737357643585434 0.0029164929719930474 0.0011082369506697637 0.0035236176111081807 0.003678419820120456 0.00835001871158508 0.0009138546949031651 0.0031166000548601427 0.005576095988894833 0.00021760516637330495 0.0030047414071804382 0.00040141381835727446 0.0005589321501887017 0.013158809772317604 0.008121428179861744 0.010296380918275833 0.0030611203083501662 0.004809196859215279 6.242575249514287e-05 0.00038551642058974855 0.010927434158796571 0.00537231820272352 0.0049519954743138025 8.550365704133991e-05 0.009658265381292738 0.009069065454292298 0.006635118857900296 0.004359748016086114 0.005767364158880693 0.010065395969400238 0.004777572607932453 0.007732997711359132 0.0006356744797936809 0.0013806250535606506 0.0005680297450581663 0.006140669501801687 0.00875136526863269 0.01264567625351053 0.004681278362746982 0.0024843540383297775 0.009146049786544722 0.0017521119023111117 0.006106475747188515 1.3108782115989405e-06 0.0009039873071984702 0.003564829960004068 0.003915814384577975 0.010227834987563824 0.0059107318567339215 0.0031727698591664448 0.0004050829335536338 0.006946294723181649 0.008517501788104698 0.00041729401029635607 0.013091286793236803 0.005529124914670174
0.0012434861214906522 0.00036395931265232185 0.0027677671648828096 0.0018224792857193877 0.0018756557213867253 0.011048386812551134 0.0012670716435433564 1.770429002509816e-17 0.005094037984923294 0.003161306107799938 0.006518549471257145 0.007382285567288855 0.004313547594872803 0.004003643843523864 0.0012792972013384737 0.004468525013569131 0.0023621896369285665 0.000627012889667537 0.0013669231791713244 0.0061375478703292585 0.0014506135666799028 0.0036352335888118017 0.007714973443365362 0.008847146714411329 0.0020044587336783878 0.006382952412498051 0.008319492725913815 0.00700670920546206 0.002571815205104491 0.004561601689768429 0.007208918103679944 0.0021719719025461433 0.002660715746259776 0.003667954662024011 0.00017124788600622525 0.004772136046816472 0.005949361501925664 0.0014046477686983651 0.00444870671526759 0.000610872675634103 0.003656165498988535 0.013882725253119739 0.0029647086018420436 0.003519293449237559 4.0014294468871074e-05 0.0013330041865862424 0.004325704492919738 0.006095612844698985 0.00832319997101221 0.0029378523830325643 0.00012000951489479205 0.001535146783833709 0.0014794775206822197 0.014824693532832311 0.0055797263065428026 0.005584271910871438 0.012543431902468788 0.0037521419599729597 0.0038552666593042826 0.004120871556413557 0.0032475566885632324 0.006339549350737908 0.00013284234325453622 0.005808890719542836 0.0025265699678795736 0.006102111040489732 0.0023375386449208096 0.0027269250787020655 0.0007992470545216594 0.0031519299326664 0.005160508365100237 0.009759744195096082 0.0005961089188047821 0.012397422945628789 0.0016029068358891657 0.006740775921468381 0.008112539357793998 0.001273794181097469 0.004214096750860321 0.006751854573686458 0.00889516324483214 0.007446074865529697 0.004439743910438254 0.0035198054317318313 0.0017828990876400852 9.92864549350861e-05 0.0076383125928966445 0.005139541068386136 0.0007035342820298525 0.001799417710407276 0.00828253887768752 0.007916101767597506 0.01815673660387036 0.0020534965157696814 0.01133610389920887 0.003336965199852669 0.006708925145711095 0.0024500503232873184 0.0037317404431545884 0.0028499378904033317 0.010049094983879505 0.0013903314049122104 0.005247993507834751 0.0041331341623673514 0.0036536353217241366 0.002687322377764895 0.005371224493816946 0.0015708517278861648 0.0052417665092023 0.002885515045702595 0.005126813495297223 0.013327922128242532 0.0009845824788328609 1.3262677440076391e-05 0.00043441723771217106 0.00017224032682165632 0.004164286538990502 0.0022282626291740266 0.0016217500747521076 0.006222358889586756 0.004925417447626714 0.00028894490690325845 0.01401961495347925 0.002762073370795682 0.005649705974101205 0.0006465221366240244 0.007321654745278073 0.0020990353133075058 0.008003072615780094 0.0020872732724456647 0.013688448637994908 0.006567900771225323 0.008143838406634586 0.0007458320806812837 0.004411915393989848 0.0008731071185029654 0.006035558746750882 0.005174356236759344 0.005204182393490439 0.010586662777906706 0.00999446769621116 0.0012739799427557864 0.0024995279594061583 0.006526264807688348 0.00802670513799759 0.006150041631355486 0.003181863734918009 0.00011479021195212515 0.009389841523456014 0.00023209004159452026 0.007877975829088116 0.008367511997764959 0.009932983088919345 0.010907155717485963 0.0008203160424704035 0.0009321108913144938 0.0020549932898025207 0.006175182940820282 0.005819409429530912 0.008906586990240016 0.001826411586639588 0.0019040332194984234 0.003007687115303084 0.0001596186221095908 0.006792239258922508 6.748445807272472e-05 0.004532413627986454 0.008266962676782893 0.009943609346050923 0.011905776087391979 0.004190341484592305 0.006514395777229009 0.002575733721462432 0.00021916351692539266 0.005247135631990332 0.01027464834962962 0.010112508592115096 0.0002487337324117359 0.002645022182462555 0.0071532141393155025 0.011349684147607295 0.0028481249294354917 0.004389404630672195 0.005496516713943663 0.005493963966830474 0.009370470302367605 0.0006171860084167402 0.002856012840175508 0.0010981813283865885 0.009942015093926703 0.007431852103503876 0.0038250127423481066 0.00237958577798042 0.003621429168443499 0.005906920023931503 0.0006698178103692686 0.006946971442508747 0.00014618606713762342 0.0038156134632736536 0.007933034458901426 0.0017722238436881231 0.00661895973379156 0.01018025316251071 0.004696668442759511 0.00014204389018104325 0.00959043173891682 0.0032594512344009605 0.0014940875483719182 0.014524206879925665 0.007843065638164325
0.000937640624060623 0.0007861446853073602 0.005478672144140782 0.002219044238831952 0.001565071946170027 0.008066238537014265 0.0009290224567013579 0.0005124825825876037 0.0064264931514705515 0.0032244529555748333 0.00405767293229357 0.0034091225999849104 0.0052077691258320775 0.002271463449745966 0.0019015371766718555 0.0036014421408598024 0.0032093492698693667 4.8529629207454005e-05 0.003953772181576495 0.0073920203072454175 0.002272085927729338 0.005112469775540066 0.005032437921373453 0.008729336304395008 0.0067425787797424095 0.008819143372365624 0.012985866214872216 0.008659916761386003 0.00011106639388312366 0.007023075612880221 0.007947785466915283 0.00044329504079010487 0.005006060384231639 0.005435518226777012 0.001242356775265393 0.0006251314761773639 0.005360408083717993 0.002582216247567232 0.00647350053048756 0.0011688893402099943 0.003141680386581526 0.008544606159092425 0.0035915993000227692 0.004257254524247643 6.990857397809614e-07 0.0046222773206947105 0.005788382613178849 0.007115628819714123 0.010549571022282793 0.001171022435896138 5.089436723318542e-05 0.0012962113724587188 0.0011010609092331123 0.009554136703305575 0.0056494659440850465 0.00843761178309864 0.008587502104901657 0.0034631440649364183 0.0027141042539704143 0.005392291710047949 0.0035836185926697195 0.007886724809756105 1.6788482402167218e-07 0.006098321858634179 0.0006928688174560495 0.0039049992592401182 0.0003385440178809159 0.0018270624483578248 3.5340370321065818e-06 0.011301010122649294 0.005366197255959649 0.012005046885708292 0.0021179354237143393 0.007944331879020987 0.0015405205121757058 0.011404783330062384 0.004403929940849495 0.001476540977709151 0.002981934556759894 0.00796567649365834 0.003917634276242965 0.00741575826175669 0.004238221147159897 0.0033868831220611817 0.0007900396976186032 0.002301825140480344 0.009117238451079455 0.010768158909053662 1.4032885019216429e-06 0.0031105999674062726 0.006988074193000346 0.005881912375212759 0.007241408521545924 0.0020054518057138083 0.008840978775296965 0.010905468267817905 0.0031949346180340436 0.0019316947808659638 0.0029862240060748745 0.004033191225148865 0.0040434775793504645 0.0011585267846509085 0.010860529633111623 0.002151855956506431 0.0025213673877356084 0.0009976987658384695 0.007595404674156352 0.005798295191577944 0.006758359227874851 0.006728949630336694 0.007090394833159083 0.009993189757533409 7.418791230974525e-05 0.00039399239237398825 0.0007248107676952057 0.0005581493760370891 0.001794722855084213 0.002822072649011192 0.0019352489718302058 0.010588501883926701 0.0051570739015830164 0.002879373477170786 0.007490823136076192 0.0034590441327486637 0.006961471420615507 0.0050236531641218605 0.005517393626355128 0.003558639689065935 0.014109541227073547 0.0016453414268002332 0.012290093925804192 0.011116017961726359 0.002144545082244574 0.000419186333067845 0.006841962482698433 0.0004958893572228014 0.010825920422891771 0.0017498589808713702 0.005753449312687874 0.008012876679034393 0.007774888814210655 0.001130974003372595 0.006602540720690287 0.00590522349688193 0.003691131850611394 0.010495774826891234 0.0013508112090360156 0.0004722338702033181 0.005276576962022705 0.000705332710520672 0.003768030666847796 0.012340848676213476 0.005792633085306141 0.006181612809393295 9.80741679511706e-06 0.001778191466809357 0.0005017006116537048 0.006574467232672952 0.0038055377474948355 0.007927640696665886 0.0010040711711954524 0.00218007313164444 0.005136099642196522 2.0319575055612127e-05 0.005967568789529658 0.0005685462324313749 0.00033531338992342456 0.007988499518573855 0.00863600217810273 0.012108348236379827 0.0015467236803646893 0.005965222299237119 9.211230212633788e-05 0.0004493577108997149 0.00431669944184855 0.009266939653379998 0.0034810324068838476 0.001534406886955381 0.004071945933959849 0.006280889233972301 0.010628801447556697 0.0035349638184842677 0.006682782925730606 0.01583105286238842 0.010147191658550903 0.011144317208158375 0.0005337294476539824 0.0053912124068907176 0.00032530620072799584 0.0074325551184133256 0.005985379146788364 0.01324908621859402 0.0023073784939986173 0.0027829261751742304 0.006312653599452714 0.0003590499696528476 0.005926322261028593 0.00019737666478774683 0.0014565002826355327 0.007716277487927026 0.001672630614186724 0.010379492368225085 0.013100667639788193 0.004747865305683833 0.0013574634978510507 0.006896306310573046 0.0031781917239917354 0.00016299688479980907 0.008142109668285826 0.005438314746738821
0.0010551297357703666 0.00020489050016494367 0.00413772475085787 0.0037069968514554037 0.001832083496526514 0.0087876172912695 0.004744866074515567 2.1153424874360607e-05 0.004013156632543256 0.0038905581899613523 0.006122383184943683 0.010513335525477356 0.004588998685224592 0.0013067817728585906 0.0015585701143051621 0.009047232204206465 0.0010584368672355525 8.328871968223685e-06 0.005501587876945508 0.011252648560990014 0.005640738935625501 0.0017924906131230498 0.00412345134437808 0.012311401444581593 0.005704501329249666 0.006046686757569297 0.009319211820496283 0.007208236484576036 0.0019068947488701782 0.0038943280959797466 0.004166287313384118 0.003044600955934121 0.0018853835658883965 0.0037618321422775956 0.0005114325145710827 0.0032494325080192456 0.0020682221301263617 0.004257130914470222 0.007963158198385101 0.0006473743547814152 0.0024086930339894783 0.006954041492453297 0.011143386818566062 0.004635227309456086 0.0001291892035045871 0.005660842113188824 0.004435498234968048 0.006160383073911702 0.006439205526516724 0.0034997977148830415 0.00019110389485023745 0.0031911953557359914 0.001037665699118406 0.004556201983576655 0.002923224665406829 0.005360984088612124 0.004021650452327717 0.003723791020743617 0.0027022853491226973 0.0033301449054975348 0.0031455320742267423 0.008318948566498374 0.0006050474236853949 0.013259342034527432 7.662817060321335e-05 0.002900016716075368 0.0013547527206882722 0.003114183625794969 0.000816843661557018 0.0117359735456614 0.00022970480318823677 0.005541360350082232 0.0018689062800436782 0.010596701142165595 0.00555069760533848 0.006617957833168232 0.004620433256729998 0.0030041526171633755 0.003759801828479975 0.004889537673084798 0.005586146205553636 0.009638931891153078 0.002858742212484763 0.0018459622255627783 0.0010080620772502543 0.0005193984652957649 0.005100246304919674 0.006984273979642192 4.424860323756203e-05 0.0015559344284965958 0.006644203469447211 0.009362997893476093 0.007742251330113856 0.00038305478175579483 0.010009853080239928 0.0059051280542497565 0.003895354561449357 0.0019539307738560907 0.004839255959723221 0.0036948125192164433 0.004653942468809698 0.0032578988235589332 0.005352468235763957 0.0023643447020928496 0.003861248313372623 0.0035363710400936024 0.011522158145659232 0.005109611214389993 0.00954698832700481 0.003706542288581556 0.004093879034279819 0.011329376495143617 6.60130467928769e-05 0.000298280270369058 0.00043146409717896003 0.00019882607459595987 0.004706466356870838 0.0017337030789263683 0.0017259494672021462 0.006923265569302528 0.013381122824525884 0.0015779713021165556 0.005266121554405751 0.0024004517803878104 0.007187004468157295 0.0011226746749752679 0.0074518189646208014 0.0046290557530460725 0.010912596905300472 0.0027239543487846594 0.007860702959405165 0.005500398146467315 0.004976322909496781 5.528096244935158e-08 0.001698871213437696 0.0016624394456090357 0.008329248108473538 0.0005794929979157258 0.002212646387913751 0.007242122256743041 0.007701772273263744 0.0012499792266181448 0.0038197578382142957 0.009878236229201143 0.006430288684894784 0.01367811597555646 0.0018926167094178363 0.00012287212844650522 0.007761514681598378 0.00067550836150897 0.0027095092600631435 0.009739524308168367 0.011013369032956306 0.012169960111042068 0.0004788703861999922 0.001758494889022 0.0006772586676158283 0.008535150779304031 0.005761794016842194 0.013900711686914815 0.0004009842201550179 0.001944586336837609 0.007675285653604068 0.00044037100326243747 0.0030886618783734915 0.002695974819245862 0.0005264169078005116 0.00976277455981187 0.0036349489198943567 0.008717553984639526 0.004065237925918599 0.01482256446625329 0.0021633603418445583 2.7682687695980735e-05 0.011313298897448027 0.005927556556051912 0.002843941116742333 0.0021418274146831136 0.0037061225778517114 0.005500904462114711 0.012786252135484892 0.003822796580696169 0.005705311051357819 0.011368641252569936 0.010550675446888081 0.007544758719827069 0.0012975672982699449 0.005776193857451067 3.873109534302065e-06 0.0026053516513560287 0.0055027751460747665 0.008232392696798891 0.002874594297533899 0.0016199762877491413 0.003318890935430536 0.0045630163204113845 0.007194331132362659 4.445209615041362e-05 0.005101068114397422 0.005665310765022047 0.005699014136085623 0.013436578243095932 0.014047353736344845 0.0065000577855609505 0.0007287354354668375 0.0044806716055695965 0.006163781632782225 0.00010530493451950682 0.010165784351184193 0.003666160467513194
0.003416943547334668 0.0012191328246237072 0.008461401282010039 0.0018149111233201735 0.0009925241185386785 0.007307385857551693 0.0014709097383011902 2.508491056335381e-07 0.005469611741667031 0.006952967483729749 0.00505241541261482 0.0074220142207164 0.00407951841876389 0.0006679769201102712 0.00166265943923637 0.005514329029831528 0.008546477918300559 0.000840229659624007 0.0006689032804556773 0.012294608228815661 0.0038100434209504047 0.0020987887910358816 0.003594012319640782 0.012718943826210827 0.00684355399458056 0.006970190857469749 0.012768919403051648 0.006672533304431595 0.0014208667755040126 0.004924444150884286 0.003425016311535325 0.00030996322483178547 0.004520164435078667 0.004131159200767528 0.002090276323214025 0.0019232230496117634 0.0030499828898307 0.0038239928707679742 0.006265046218864438 0.0009417279073161942 0.0006621863901743099 0.010419866409385959 0.0066682082076710315 0.008209262713481902 7.149244418596867e-07 0.0069050371691745565 0.008936707462085892 0.005276266348354575 0.005053919397558886 0.0013819026738274834 1.5526918133824055e-05 0.0005902443971611707 0.0016199950398192897 0.013568696503557758 0.007961892020060408 0.008396642073320049 0.007368711376620802 0.0031856307355347733 0.002111557983628846 0.005240976927920511 0.00924562189821192 0.0035118398577026885 0.00035591755465657276 0.006305965816518081 0.0009841896637858456 0.0025356058488380357 0.001084017415841758 0.004139860376952735 0.0012985570360930163 0.0051517323154947345 0.0019794486435202024 0.009803633323027373 0.0010975341483601335 0.01021129704218323 0.001568105465288713 0.008715820051761622 0.005131342485302722 0.002517735307450493 0.0060254736071428065 0.005683579583912338 0.0125256353702409 0.00399526528596346 0.00230027116661531 0.002231005521490264 0.004771181195879707 0.0007637137304336876 0.008569138333074119 0.006722951981397718 0.00035100715342861386 0.0004172600016885683 0.014611001161310163 0.007368046400475804 0.006743202707782015 0.002215766633902713 0.00418901348453778 0.006569535182360811 0.0032211560631289745 0.007626175013854937 0.0031570998875418755 0.0028395740093399703 0.011264746358885505 0.00043418721563262725 0.0022791440479260584 0.00409632681412756 0.001441414753669396 0.000250513976645408 0.010948265764504316 0.007168862817852028 0.0030546434917083955 0.0064481832023642206 0.0030366985309696693 0.008951071543417783 0.00017737416155613379 0.00034890032056897704 0.0006110880668057637 0.0003077310099358454 0.002596119919253819 0.0006886141909708236 0.0025023830369881065 0.004614534476626912 0.010677044886766802 0.004565148107408037 0.008712859591999153 0.003183859294144178 0.003958440204761151 0.00019555908989942212 0.009950595772009156 0.004515531831863819 0.007133151698590895 0.0041768249888572365 0.008576325165513212 0.0050707804258619624 0.00453477085285861 0.0006257824766810268 0.005588699848600077 0.0009743848228441816 0.006044344482112088 0.0020423097071197178 0.008956884682228643 0.014788304181491293 0.008224645802347953 0.0009293557403515952 0.0008638370633566895 0.012563625648405541 0.006125709242820708 0.01304072127351429 0.007910333879964572 0.0001603905010508528 0.004396195366706541 0.0027161214952594716 0.007657573102219776 0.006909313325860558 0.007142897642901347 0.0033084550257904597 0.0005588014460230391 0.0015986714158824759 0.0030509248248777677 0.0035790796899681076 0.007039177692792839 0.008477244082653343 0.0009913545816430034 0.002678728252833845 0.0017888650774498117 0.0007252879045540584 0.007275974202115679 0.0007709780117622812 0.001352892197224958 0.008901444386271783 0.013148906931803074 0.008975160372181072 0.0004361551141019178 0.005157791660583427 0.0013290083966465691 3.6709256148956216e-05 0.002150470316319468 0.007585226795719343 0.004965383694723638 0.0016760464016426183 0.003157686191347852 0.007087963175242067 0.00910692424211084 0.0009655609448414828 0.005379206733392307 0.004700441682115626 0.008290131350928178 0.005127785362520299 0.0023508604710869834 0.0015350167605427184 0.0018611654402347529 0.006964282266281103 0.009141342958381326 0.011604606008526438 0.0008088876743756048 0.0038026530179322404 0.005908255240954818 0.0011353333042983854 0.01197805576343868 0.0003352412823021583 0.008770672003357979 0.003571833709943139 0.002645665747307363 0.006385628182621091 0.00677050989053504 0.006229858997538964 0.00019359008134985979 0.004690846674181203 0.006778518662143234 0.0004255769217171581 0.011402021628122901 0.010934770233198304
0.0007360590530882321 4.029548649381303e-06 0.004579806073218175 0.003160631334770399 0.0023167760053462347 0.008666834142508507 0.002556231187661349 4.2368835402673295e-09 0.0046238443215714424 0.009407015011955568 0.001730013584699688 0.005477782092519661 0.005696584641652971 0.002120913683515011 0.0016258482981649507 0.007617726270595259 0.002340735777544484 0.0014487000695702658 0.0022517292125803045 0.014279825691709377 0.001617214899544238 0.0027324133063307636 0.006322330822590956 0.010291659935331862 0.011531743995012838 0.004781260325573756 0.006935083939292966 0.005141490362476438 0.0003949323022766262 0.00311879448946254 0.004978802546547716 0.000649026051601068 0.0028707285326677787 0.0025511714425066833 0.0020833634252418604 0.0002640368343831907 0.004705958352010029 0.008496033787605559 0.009217325343515865 0.0007586233997531957 0.008870140572179386 0.006115728516889927 0.003811619766165496 0.00576644643588745 8.781096816869161e-05 0.003968645751351955 0.008322846465102623 0.005030705544237014 0.01614363263381706 0.004606430279502857 0.0018894932952614094 0.0009953773970475775 0.0026972399664414565 0.00718616403903005 0.006533640618859322 0.01201099997360633 0.007873833994998298 0.002132496620131418 0.0026005330281352675 0.003067131248260566 0.002675731115526773 0.004600008284349104 0.00014387860157578035 0.004506074822283451 0.002978823490064944 0.007149310628340468 0.0018294633283105603 0.0009303696283714207 0.0006546082301730138 0.008919180514554984 0.002590341002371242 0.009128079932678695 0.0013810400036091612 0.007475268059970901 0.001209334920234705 0.006999448113859779 0.00702016924226421 0.001654433413641782 0.004347914753062567 0.007519569270783009 0.005374520446841874 0.006395351423024502 0.0036191690138257094 0.0035579014650342837 0.006353296992465628 0.00036926019188308066 0.006594020041403674 0.002695196389335563 0.00012923779793374028 0.002553754887934348 0.008735478767661065 0.011417701405641597 0.0059943343462982215 0.002456435142183671 0.00970381813033148 0.004549731908058199 0.0028623783989940627 0.005390651035047487 0.0024386840658827866 0.0032059350900515925 0.006457028065552763 0.001521051761701263 0.004090213339407913 0.0022600949181894757 0.0010548145109746914 0.001200365544536156 0.010186892331012587 0.0038055359966937645 0.007675710649512195 0.0034232511331561384 0.0038885060779020827 0.011276403870832926 1.793724581917091e-06 0.0018573649430072264 0.001762994015734484 7.573239334138691e-05 0.006556507756902324 0.0008964785512718629 0.0046846336990747734 0.010493863253331804 0.015367795898539007 0.0003372612571501961 0.006685138645380232 0.002898255969865894 0.009962262680801137 0.000494698719808437 0.008900852015736536 0.0026078918175383866 0.00506725084678736 0.004776032791543658 0.009595803115038444 0.00710656758231057 0.007950764952557688 0.00011721140337813771 0.003183208918313553 0.0010454637479373897 0.007731009438195106 0.0032048730729817075 0.004922334892274623 0.00812409662199054 0.003386751484431975 0.0011996234075662652 0.002048623617792012 0.009046739256063457 0.002818959116930746 0.006861760647486674 0.00537028626773578 8.51124893286673e-05 0.005076592588758556 0.0028726873181933975 0.0012382518070732573 0.007735596763185058 0.006518684099538025 0.006209367351063449 0.0005666021858771577 0.0021156206522831332 0.0017772113991188505 0.010536025267713975 0.008859942567202512 0.005249854632093329 0.00014373913198131679 0.002011806726629261 0.0040755496934126905 0.0020309058727752826 0.004516303118655895 0.001475681425557255 0.002250451012319844 0.008589277593500599 0.008983562538092352 0.00920411984474483 0.0014424038364113019 0.01212862164823058 0.00012992551721024536 0.000263355544571555 0.006506308424956565 0.01226216085334222 0.0015271490017246408 0.0002510627693626498 0.00833038414427881 0.010391755825646335 0.010393583344903723 0.006423747754607235 0.002656205048226716 0.005515768967371689 0.007764707977405725 0.015024452001685028 0.001962684106605391 0.002720751929736597 0.0013074901658318954 0.005516360170418761 0.008637286656926431 0.005245203446065144 0.0019849935195886815 0.0009717064757331095 0.0026868451462637158 0.0033615224419485394 0.008509226760808123 0.00014915865047201456 0.0021378283854607675 0.006177417017186478 0.003827164532584938 0.008022881390927957 0.01099342318971345 0.004205265352640896 0.00017143897000026196 0.008416580074457891 0.00498369849684909 0.0006388099364069639 0.010855626082920464 0.011497437895701493
0.00037308908930220236 0.0004044494196270045 0.005183592493287528 0.001797652186083227 0.00048662152778743546 0.007163944670045485 0.0021427009675101935 1.9057202408706773e-14 0.007488811024564634 0.003218242535912048 0.004489703473133289 0.010650578850984157 0.004795835527610412 0.0007223311729794827 0.0007726877235076338 0.004573310592395393 0.007310862649905504 0.0001012489671563076 0.0017238920506828313 0.009396843033127522 0.0018316497628891185 0.0010736404786824368 0.0050010082718325915 0.009581857297890099 0.013835773093913435 0.005934816741573656 0.008488561115046719 0.008952152929872727 0.00023304420854721602 0.008546417976417985 0.0025810020959459714 0.0008278618633857877 0.004041498521944079 0.006444037942664215 0.000424954787008602 0.001235474548329125 0.003157551496527856 0.00569071042038785 0.003732460008370978 0.0024463216422012236 0.003217634980540873 0.005958976973267661 0.004132597727432737 0.006461620800242348 0.00013536624624794181 0.00485184287797734 0.006907741859375048 0.0039942185010660965 0.010159011349742078 0.0023603300095421343 0.0008312093463513855 0.002540468962720852 0.0006764460830932137 0.009943963586001544 0.0037011078746201844 0.004679662727478785 0.006808396794102444 0.006352372717934939 0.003044916855211844 0.003095297079783466 0.0044300800573447395 0.008964497394589283 0.0005701304235256796 0.006390993084673396 0.00013023975772045762 0.003755817647633738 0.000490879632564184 0.0016791816943204885 0.00040819398307056484 0.0069392943664227805 0.004100583307324661 0.005396312964776766 0.002672738511393238 0.008929165495764772 0.0037818236536352632 0.009995365889373758 0.0050810947483571085 0.0060214688245419125 0.0026415421846242965 0.009640926934285372 0.0068479533179182156 0.006752279652744787 0.007980923735820456 0.00371536147566297 0.004392474715595054 0.00017578534986373884 0.0073494919902698155 0.005425459844697829 0.0011347240531181385 0.0007687887223547456 0.009237195735934801 0.007477952713047929 0.003652098931160482 0.0019913768690808954 0.006691019040401774 0.008190909476044575 0.002288721756624167 0.00275306221955794 0.006890061363054711 0.0009725962731503749 0.008213240568554466 0.0007067093207633769 0.007877280895475347 0.0021300653826445896 0.0005638550153193286 0.0027300979393562086 0.009156306173172412 0.005585780023286718 0.0006593405578036724 0.0018776277168091095 0.0025407018629665604 0.009654663340650235 0.00011810661334384802 6.977015458120936e-05 0.002559830816355302 0.0003379366728924297 0.004182903867230602 0.0018247140737203697 0.0022934356741500816 0.012913927172288153 0.008072806768193325 0.0010048108062599376 0.006112824280182207 0.004518876737076104 0.005715596115203854 0.00039637437635846697 0.00648855145801567 0.004664327154593216 0.010006180738715086 0.0033452745720313364 0.014142362875840359 0.007918232104210103 0.002936588544615755 0.00018568395050497198 0.0064559385562869345 0.0006351890319995992 0.01027002366742544 0.0020991629876412803 0.004012607092388567 0.005755299171413622 0.0062880348723758205 0.008036770833156646 0.0024415877937204815 0.007163135012742081 0.00733005968795066 0.016818080020214676 0.002671884770007062 7.071080639064552e-05 0.0034506898986281153 0.0011739488895800283 0.004546602037458383 0.011061549791565194 0.0052529640966728335 0.008893973088188727 9.840632207093504e-06 0.0015317681035141079 0.00030846945010006417 0.006477658422666569 0.006609626613014416 0.01023309459020785 9.742295473147723e-05 0.0009344973250591703 0.0038918496123364604 0.0008417009051730366 0.008994560397495079 0.0006547549989105642 0.0008307493429936708 0.00661141255246734 0.010223083336010654 0.009782685203017966 0.0011647601135970397 0.008388490282707863 0.0008681260754584144 0.0014461777510993055 0.010006581112662137 0.006425404339273261 0.008140251505258577 0.0015190313628197227 0.013016616990808416 0.014506185578567919 0.008308652592112385 0.0020604781079263173 0.0021122593987388093 0.0030773909529277195 0.012418905617522872 0.007602791392386265 0.00220121163001562 0.008352860250672134 0.00045424109878576476 0.008876429249058916 0.007827748817522615 0.00856371046396554 0.0026273936894225954 0.0005099979986826278 0.004845792259989445 0.0017515756898339543 0.010535646920582746 0.0005935574494507301 0.0039702736191630315 0.004715866461369408 0.0014441613746178853 0.012667730657139581 0.00822456537535614 0.006236345759245033 0.0004385226563804481 0.00632896291460215 0.003913592995990359 0.00010337148512522723 0.00829741416707671 0.008071808669375872
end
