alpha 
23.39668229317065 1.4116989333714491 4.066721078788199 1.004475778211259 4.693411947363134 0.9980162515350222 3.198287315540505 1.9914496100298196 2.812250100832569 0.8955328694101394
21.589444091272117 1.0074957305997856 1.5575656956740573 0.5480520467920064 1.13308236473611 3.031827152087016 0.4770473709780515 0.6070095193782893 2.145906293667552 4.239037782951337
22.061249159649385 3.1139375446079818 4.599013748874458 1.0905401358954947 0.77123731842548 2.4659416402916943 2.5850340947667054 3.9452601166459687 4.175256295802739 2.4314564111815447
20.288909218355222 1.026658526346707 1.6424637697786504 3.1226338457823797 3.7404508281416113 3.270446519863296 0.5057272208877306 0.11550695704650782 4.519004994594368 0.7343209515815663
23.683664489042155 0.4698775985830883 2.5971093657917272 4.983776018502821 4.180570324279796 4.630378098773455 4.535884974615742 3.668427444738273 0.8180234090040006 0.584927863379292
0.0057184151625389035 21.18985035096855 0.35339540273973735 2.056606960702661 2.1219917863489646 0.48434979594241867 2.1275540527708294 2.1081601011616993 4.671655252859044 0.8950141795304295
4.696494750005364 20.921516593656072 0.9863737070744183 2.1557708693227244 3.600246253364206 0.49861918717174325 3.831739934495067 2.56688645695941 0.8782364245461655 4.6285485499756875
2.4484313914581772 23.873831978207292 4.278149594123111 1.501312438169291 4.6139939447111225 3.8915514318924593 4.4386597643366485 3.1777049036700737 3.0591077133620543 2.083011539070913
3.3096975920093437 22.028050892681858 2.7759713718074845 2.180313574750845 1.0915214888859248 3.8064149734915453 3.60897416702018 4.716302883798446 1.6794494965975066 4.45550923641815
4.4074032798607385 23.776134809503937 1.2791135606662847 4.885733502434127 3.619424105106335 3.678498157195256 3.424112031591241 2.47947368679897 1.9983103766076649 4.884857445682663
2.9303965519640904 3.5000006704388036 21.233032639178354 4.942045454753022 3.7885981650022744 4.694742863765137 0.17044639352014335 3.5537776426904073 4.284271536801264 4.359225975469436
3.9953964288523673 4.242185465626417 24.428258864023054 2.507013552035344 2.8695313153400686 0.33564477756218514 1.3145890706352592 2.0858974916046287 1.8998803819147636 0.8747239022558301
3.0847295510730195 4.495477243679734 21.018269636276628 0.027967953075093144 0.7210616059414476 0.34101864895167533 3.942563654140794 1.7822323930715245 0.6560240683824681 1.9820375890275088
3.3882137321278027 2.826610203451552 21.213555485397656 0.41212425354737237 3.3459794646929497 3.720230597998142 2.9864145152181836 2.987855972177988 3.3692943697623843 1.0358715171480575
2.6484649643142455 4.121295524854799 24.475198497565554 2.097215596560056 4.333143913334346 2.417179257760702 3.86105915598227 4.496187436212671 2.7058965244432915 2.3587289754052176
3.6243250148203074 2.301478446842447 3.5263728231968354 24.779224403280132 4.70155242454204 4.632671425462346 3.094015291795288 1.951502947835747 3.147654043653187 0.49108120514260445
1.6872104121589833 1.9205592446828434 1.31888033703775 24.66375738240974 0.6540276725539873 3.1562365655454263 4.637238248806889 4.125001128513345 0.3319351416260269 0.25066603832104073
3.8410900998779116 0.5782087027089872 3.4417962746313173 23.19869818700269 3.5870437789941656 2.070749413996493 1.9907353522083953 1.522668042388018 3.117090994658028 1.0851157799247253
3.8739966799931604 4.496121518790354 1.7670895189974716 21.61931169595047 4.2167037524288435 1.4803866930606207 0.9741932323825869 4.403124322870125 2.385412242753148 4.035441696542838
0.39007202418867903 2.457956920353687 2.0427512503671292 24.952837096868418 0.2672796770585928 3.539896057299149 3.229114330694343 4.090487125166196 1.7129154898283327 0.45241700392493756
0.8974193249430262 0.8389120999974564 2.7589291771900974 4.443340686963428 22.683941055142693 2.9260756037245335 3.184501469707382 2.5139778370367436 4.009966400885877 1.8502224907640796
2.308836142180373 1.6374513790411855 0.5185611146716745 4.250133827241008 23.446935163310975 1.7779688743703281 0.0109443009496063 4.266047757615405 3.9565019648805593 0.660791492882643
1.9374190389610662 0.07138022147850087 2.7219978732458197 3.1094888630321558 20.79341961105981 2.484484835324294 4.520314788259832 0.6714698682373138 1.7122178611150778 1.5641084949535655
1.0944204038161787 2.182802437005022 0.35094544735625177 4.610608020620996 22.078871830277574 1.8397698764723818 1.5922996932134952 1.8576840699638693 3.400077030347356 1.362713649909944
1.627518427196109 2.268452885682694 3.3361920229549824 1.3764359114657987 22.464720341571816 0.752306021772286 1.1012155623244309 2.1734542304895417 2.407987345528912 1.1961683050446315
3.9471091063130617 3.14191638268958 3.2875969932468707 3.6159832750760392 4.085640326988887 21.804260096156884 3.851555051912392 2.4593297401565395 4.6297210788526675 1.9688858093647854
0.1856890746614115 4.6284823293363875 4.596656594671133 0.2389519724745326 4.750699832412495 24.10446801244959 3.7770656782909033 1.1139988725594603 0.21525002206215949 2.257441947062287
4.3498430801284735 3.130485297854447 2.892724456575932 4.5133212042999755 1.5858285775560677 22.94993327654282 1.1967060665469875 4.503595992781303 1.1030048193823294 1.117538668497216
1.2552622686415078 2.060257434763488 1.4910604107884957 0.5969373864286559 0.32568230917189356 21.20458479895104 0.6937634138037829 0.6593064360164025 2.4124864271186692 1.804957316392835
0.2817380748565479 3.593214291719863 1.5399926788461904 3.7691896831746234 2.872825940674286 24.637383127279875 3.8146381329296633 3.9215575144045056 3.7615670650795154 3.131648943638108
3.8489223735643967 2.8124168674608203 1.481546673402393 4.510180475445921 0.736899463564869 2.126225968063968 22.838937629692207 3.773343517110087 0.9131053249673904 4.446259589278215
1.6864898256907952 2.573310899357809 3.722301580194159 4.1772550777166835 2.6213199738846935 2.863082938661605 22.50332188042119 4.468227791299923 4.54973106428775 4.140808941732904
1.4965660594133157 3.4601619597706117 0.026548958661213318 4.8390554314501095 3.5855192572769514 0.33372065607938317 20.738325357807668 4.830765636967438 4.26665143681751 0.8878843002393177
0.27506716642614726 4.71175674120165 1.9712538981480199 0.5782142293375653 2.166938176418098 2.8514330357565356 21.984866907676352 2.2444662710938497 4.256172491738067 0.5303968036430867
3.7518431364684597 2.6928777586866186 0.18919708639416444 4.481455238310432 1.221944338069757 3.9719417918940794 22.983209874649766 1.2162064793321488 4.34390961599888 1.9928871592578146
2.07593901104576 1.7917344990255957 0.7753844494940615 4.969835407265008 0.4170831396582264 3.260025001740294 2.9534508355614078 23.586349604383493 1.8214481161706981 3.9006758122879632
0.8413060957325286 1.7490151512027596 4.5202846538402435 0.618824182743824 2.865379672491547 4.264384146917484 4.362358842604796 23.85939975842909 1.4382280059678565 1.8632848816787821
2.4553627620199316 0.3152338138567057 3.916038902376931 2.544746869415545 1.4717276740123608 2.1210950284243184 0.2702459976814098 23.36143416939943 0.5407673553646114 2.0846346987325486
0.7576788825208575 3.03880059256985 0.8757003433186722 4.270326928061301 1.218041689945446 0.6265298048346679 2.615480446122362 23.426672148271493 3.74257360513284 3.538050308855075
3.4941176142163983 2.3938796797921063 0.909821332834434 0.802047857462318 1.5012891120123006 1.1879330075546923 2.4153842383419373 23.464084018904433 2.3293103699260294 0.03144059298497093
0.9811013685996273 3.042696077961283 3.8298768488026758 1.0957376163885084 1.0005973958848757 4.857131998043502 0.6844859476582416 4.3638433063011774 20.833360005018047 3.7933188438486325
1.5871168563873401 3.085239771491424 3.8471009475609903 1.9040100735816972 0.32766228823541244 3.0869881022952104 3.989823051034633 2.6293973055249564 24.92682244226728 1.3875434850374735
2.383653840422925 3.33612476577024 2.9998276870045992 0.0251543855447095 3.740616858623529 0.037693871846931626 1.4989238472585682 4.865964643817422 21.95808930844986 3.2648751328442054
0.7850231426664483 0.39667674277023723 4.662271335453994 0.8313354750187518 1.3034255503267196 2.1061770816904826 0.0004850565793523831 2.249489237772249 21.781097007206846 3.358582998807025
0.999678552611889 2.6104829383648043 2.412831306536643 2.240134808931872 3.4323852589290427 1.9087639942423724 3.4764687552732303 0.8028695656573914 22.205976666644496 2.183719505533634
2.0275052131743636 4.860577594096902 4.021912488886442 4.230936782879058 3.4199080915096527 2.4000478724356205 4.740360555341071 4.4355674964135074 2.2784725605179643 22.49461536072274
0.3041867765857331 2.3415933728943443 1.3628995144054228 4.772192547910231 0.021548024513558528 0.2764312886938225 0.5314005901703223 0.8765560197970934 2.0124414926623846 24.44105366842501
1.364777510919562 2.3570271668830585 2.895047946468679 1.2064526782749536 3.5441520515168623 1.6065685307538946 0.778188947601608 4.131329485445403 3.6694371211750036 22.368356130232687
0.13879375523277615 3.623989938490097 0.6052993340958918 0.917811710144435 2.448376849284358 3.7127128024551443 3.8896838701535774 0.3803549159923342 4.731966291051359 20.874330741102714
3.2825390784411397 2.1847549213700415 0.30755542563553007 0.008686254894907375 2.793222742507504 4.204231038041454 3.8976302242789944 2.8439933003538242 4.096138412297131 24.223528812043973
end

beta 
23.866337554179296 21.38533124675391 24.714289262339587 21.004863425969354 23.32234202030917 20.11577753643587 21.833317657960315 24.96029841418654 20.545972016189662 24.88316462380542 23.931881531304704 24.685327703736093 20.742993047537247 20.149071893281445 24.33108393793154 23.476946016657486 21.61137643369796 20.891277932437752 22.421724396168443 22.5150638874347 24.09673352715453 4.5486788609146664 4.818206293885887 1.2385229807596365 4.047380343447299 4.311088330030179 4.077012364788578 2.3983830617271935 2.09390226858135 1.4068166087897105 3.5504025760470563 1.831360405888831 2.4723699721307906 4.9043488417991785 2.5697583169130396 2.7893714503337423 0.6444776699464538 4.188984779142756 2.4783657943344233 1.326236761044402 2.3365583156043828 2.4529522988995534 4.146161868674506 2.941457436548874 0.4538788484277395 3.736769525185974 0.5493302677077389 0.121166809342107 2.7885135798580136 3.1952738433715746 3.1128138875798457 2.9581788094307515 0.34698788397901137 3.5656999433576257 4.457012066605565 0.853636466236139 1.6258709641447566 2.88348967258788 4.978967983809499 2.3673977881764103 3.965509342450029 3.1013688914247064 4.898850333664061 0.11434922046175355 3.2435835782741673 1.1900198722927176 0.017749159140196813 0.22236208159910897 0.4463611561650571 0.740286667365681 3.876648202778019 2.6420576756596854 2.9355365267056612 1.0795999624839774 1.5171083358266524 3.460533309248312 2.1344350957108738 2.8794961065082445 3.6336508491211865 3.3382875670628485 4.226488499288797 4.214942335519531 4.3420299244265275 4.111048031617225 2.534792455114805 0.30758479926207727 1.2740163460009246 2.3799419157549666 4.9934242458590195 2.0820119699246433 4.808142012629614 1.7653086514451266 0.4911693922009941 2.6948479454121794 4.224824835137407 1.308013990639219 0.11964081159787421 0.31462092568193545 0.838917677327285 2.9711568019296846 0.5703638342449474 3.6300127109098352 4.982255175520883 1.2086414620724306 2.225386441892673 3.758331274036499 2.807389359469189 3.815620674458005 1.5360390657698413 2.973717721880094 3.4759143250629014 1.4240270808705602 1.5469614985862497 3.2009500907452737 0.7770827311473577 0.10525725915622841 2.4185227016607462 3.8703241557051697 1.100261779815923 2.598918449221725 4.266105082563813 2.1579433516079933 4.418459164305122 3.8509527783251265 2.958545453959251 3.2618538062371956 4.834615498440576 3.5010212889952763 3.5207099542444276 3.8673818496951013 2.819567412507124 3.557014899172189 1.5323370229032611 4.145819382935089 3.8386174430515934 3.6919010580241274 0.1835037354627994 0.1096179391129698 1.8037658706365605 2.2893272785870473 3.771515775480807 0.7511560150045277 3.4442807108918587 1.1006385930930236 4.308532757821288 0.9241391333682991 1.6959688995586903 3.022232693227911 4.919260708845289 1.3097600179694595 2.7654881885666738 1.915341204017731 2.2425000978579 3.8403483793596878 1.3145430106059308 0.655142793447614 3.8941879688506664 3.0226509549963314 4.1983539513837185 1.614616867409922 4.942942933373207 2.0749236233245103 3.342328165428387 4.055676014333675 1.2008271561770711 1.6197286895056162 1.3984810486413575 3.437745885406673 1.1673460784822531 1.5183665681085596 1.200359105080508 1.7386973051002914 0.14127349636715247 4.680529711083722 1.6672859341876851 2.516316613163446 1.166659586003339 0.8550379640732259 0.4996276721671411 0.19217823293569858 0.030921436384128698 3.3596147440730464 4.1513081867098025 0.10322928376985785 1.6196453668993938 4.324107751989087 2.550089158470689 1.0814489746986373 3.4221820522819413 1.7397505190903177 4.505911354420538 4.259612745857414 2.9797778706384808 4.292783010613888 0.6420648173972227 2.903511987242176 2.2344136011396367 0.3269796629396948 4.048267193793741 4.274478332108944 0.6496250435623419 0.16912893568735432 3.8034031231567256 1.0722548930369662 0.9584641733487337 3.6404879879384024 3.6712657206867814 4.906208116827409 0.7915647442200113 0.6386162828409364
1.0787461334696808 4.93391415972947 0.19881965959468784 0.3509802669223938 3.21473209952837 2.157632520330931 3.550010370682612 1.8124925448223834 2.6940760601239235 0.8084501711860653 4.498219009063101 3.9107760409952625 1.456084850492509 3.9614501295049207 3.597834823397367 1.8779548217161302 4.267899770856812 1.746426189001501 1.6640837705936402 0.3101225830233867 1.3477045985823943 23.91980522434116 21.941724105419983 23.94964470210784 20.172893544640985 20.240134824165843 21.93568193615289 24.878199310280976 21.918862306151215 20.417665703812396 23.721467363129044 21.258287035336732 20.96662027268992 23.484250218324092 21.764083437489347 22.104659224796865 21.525416918214177 24.97167083884235 20.646659919587783 24.048240090266404 20.40916497327492 22.169160165717656 3.197475027950933 4.953065075197108 2.60158728683517 3.970878880088221 4.62719945599732 1.751624435538484 0.8395317103001859 2.2984252925015674 2.9349936178967626 1.5734437822327125 3.5685610070555294 3.689883166089534 0.34848200301500265 0.18235331898065477 1.4649745852620915 3.5208357823468788 0.319118622464884 3.7943267292513543 2.332698609852501 2.630832623404338 3.362910803716776 1.2966773304503687 3.021334001221299 4.09717444805212 0.1344431421661174 3.4650490644509646 4.311444192384044 3.1026533351732093 3.659229167739314 1.2901995490622626 2.6827086015489963 2.1607902046367675 3.2565057503057155 2.991920479153106 3.663321246792308 0.5456631786778238 4.756994019106541 3.109128973026003 3.3864363178569743 0.4247534470156622 2.378005281574453 3.7055578009356545 1.911597907728812 0.7376493116137806 0.2666600018744525 4.892547157787944 4.479814224430948 1.369380443199026 4.3825410564743885 0.5671311724062694 3.229431886476103 4.811556998194428 0.5079952119374265 1.6956700270568958 3.6407409636307038 1.6747318054141558 0.8464860900732463 3.029246256217095 0.451950053543419 4.30033038225173 1.208307817960791 0.30320524140629745 2.8946686348741975 0.5900279638604405 1.7633190438977357 1.4377316642401117 3.7488908780219576 0.505254052173531 2.0868491416072663 1.2163044093913427 1.7062069258673451 4.160077229147673 4.454257966432561 1.3333226819340567 4.226086485524505 2.5932580629622444 3.7893252941130795 2.931480438958089 0.43700559471007316 2.519276908950188 1.2011046647826067 3.7811506959828822 3.3994134119958903 3.008342881712747 3.96342276185307 0.8877618883956606 4.573915401656733 0.8925449929874041 3.499547884883883 1.1152905158314896 0.864691449490399 2.7785836337842844 2.8941521772094463 3.6010364016109566 2.5479423680760744 3.579164719470605 4.851495542451344 1.1545368220535206 1.4009685717399938 1.6859112676401689 1.3389392349792917 1.5941060327095147 1.6764956044922736 4.436534296136003 3.2323163451193935 2.7728046139183298 3.9462919106372767 0.35007647247747686 2.9493375403889988 0.6290174975637403 2.407574975763856 0.050368550083128016 3.6567051775708515 4.560844088978321 3.1509859692512805 0.09334829652262955 4.555244959756054 2.4434595329341398 3.0499132008053627 1.2518787295147216 3.714265035943151 0.6233291729616436 2.4908856410653812 4.835541154542677 0.4440577246604749 1.326711149752125 1.318180647931388 1.5337723832704597 0.16204298944159035 1.8139916110115757 0.8961433005241126 4.153256216166531 2.951864442333159 0.838704193923519 0.19997847841181082 1.3444416221171025 2.0198540616791494 2.056277059124307 2.4480153755594203 0.5486803517974409 2.412619028134589 0.31026115859981274 3.195407984506369 1.659758458113636 4.858887036786598 0.4925494714555828 4.8808288636611135 1.1372137048607405 2.4797555884161016 2.2221715914477835 3.1327239427424947 2.9979698683732825 1.6336950761200364 1.707346907300975 2.722096039405359 3.1508472046746476 2.9053907958954377 2.3638649715491553 0.22498508829920827 3.4664550611171174 1.2340678820626176 2.5314082557952853 2.753755558137925 0.2625384829200095 0.7303917922341774 1.2069635336696432 4.966284670023529 3.399701365688506
3.533952818207084 3.1233177234760863 0.98564964971111 4.369996318204118 0.4120809831847655 4.2516151997418845 4.551032766529094 3.022480749281371 1.4157237897526769 3.7885869662652687 4.013485413689192 2.29530460097025 0.7526334363788895 4.720048118684071 4.182989182024179 3.7445799009973073 2.01878996642118 0.3896388950317947 4.235523319793751 2.4031486921631275 3.1790797643887005 0.6506040532395196 1.8470968358816413 4.153317218636827 2.64263233272258 2.9045405856525797 2.940630183993018 2.5232707413291777 3.167171580757952 1.3209277572112843 1.6355357596538163 2.92499304468999 0.9437194759266149 2.001692135089532 4.763870446650228 2.8346400379822216 2.8083813807076514 4.37109549258853 4.04437383020585 3.7836773306686133 3.189803662198046 2.0150216621414208 23.194816015307573 20.692140289631315 22.570172196163853 23.859800361962375 22.587682837519775 20.362433990275516 23.860984744510926 21.240830959179473 22.169085017390746 20.51719599128516 20.236694965296614 21.029500891386213 22.88505938323991 20.127655075593132 21.43436631695502 24.80675031949532 24.281218896037895 20.215722049682938 21.271570700525423 23.504908522687206 22.403226373173503 0.10792306435003174 1.3254962123022895 4.260407850238029 4.090220433858238 1.2370678051855388 4.5499810038885675 3.0010674396993107 0.38738899318542797 3.492982620441309 1.9299311643888983 3.877346857172669 1.0258177146010194 4.837962892181271 3.4624498774200996 2.1551475532603 2.748731415727078 1.036449790374454 1.9769213335196651 0.204389039947927 2.0809521363104055 1.04451546684046 0.5340897173522957 4.48907975897855 4.383264529423046 4.4012937048411285 0.7467017516913521 2.0795061145921245 0.3151462064070898 3.882414880183742 2.3605261278323555 2.2608459558965754 1.5430106943710042 3.524211909511657 2.5493049764186555 4.966209623136954 2.319890609766765 3.261923602718369 4.701173072715003 1.6480324059007017 1.7520191490394998 3.9085033078822713 1.6735028945677344 4.626862059791704 1.9045430052427341 1.8817883666224584 1.9533819754760011 1.6361835029460599 1.2567783278043143 4.547870786497046 3.7571262405209827 4.6318265814071315 3.1512510277713552 2.7454964412401566 1.6614761593404799 1.8641023252344673 2.0163741250642997 3.777804137017928 4.193121969123422 1.0163520568454683 4.566810889513321 1.302442892256292 1.9205024898227734 3.759966984826964 0.6192635569035648 1.102179169059283 1.273864460674719 3.962676097917364 4.839506300186937 4.578365769543424 0.09898826861436505 1.823202930177414 2.0000248807307717 2.409879267198675 2.7190090278075645 1.2952537477688613 0.9505856878552649 4.4116519287162905 0.2755807263413951 2.098057507270542 2.668423177210249 3.9399684951455933 3.868385470855968 3.9351965897549865 2.2092798421863113 1.7896701370566577 2.136585773266861 1.1585290954620675 0.2583150801383377 1.2909016235363575 1.4650650354722494 0.5070059528848037 0.060733759026114775 0.3110853300588218 0.8367238770739244 0.47594721190178657 1.6146762399072783 1.9008260961623842 0.5460686002097381 3.8725756322843594 2.6566772254708515 4.863324938856966 4.302773588836065 3.038288858273228 4.930048461252582 4.967041208929249 0.2843423055962624 0.4407391017731799 0.5044533476124868 3.471317179901505 3.548380535259214 2.258166781067576 4.241099033805476 3.267173332951115 2.0998671895268695 4.819632642261496 3.5517128594906957 4.533572651846345 3.900559504315658 0.5053402922955802 4.661944180250149 4.986162591193504 2.631270196318271 2.8409754302708907 2.5472928262417556 3.070954051766761 3.016883375944998 3.7889429320195993 3.820824745024063 1.788233984713719 2.4567432839406766 0.05332990545385108 3.985739661392576 0.6914063154169081 2.252302536020646 0.7529388871671661 0.45926051397995993 4.083692552862639 4.149430138854988 2.939238190996499 2.6145631519360393 2.2644731775585343 2.5588561389403583 1.7115917097204036 1.364351617562246 0.9900665632668787 4.997062681388915 3.0830780912597366
3.7662014683060496 2.9995750836773323 4.842931319916502 4.795179934529042 0.5703829982048336 4.52626275424528 1.9081379204060562 3.4420251676878073 3.2623766276977095 1.831154162873752 1.0506722637519932 0.8847553096709992 4.768585001467248 4.798291006515122 3.6171600191756808 0.9407795469714314 4.301982258347483 2.6067012119086277 0.9035949298786311 3.103629895476661 3.967809917231899 1.8739099803919883 4.3823129866081025 1.9924436463595026 1.0997550637580622 3.8861014453237273 0.1654206531618052 2.331554151993383 0.29471740378874955 1.657039823301358 0.12083857771980788 4.142406331878238 0.6451067730203514 0.31517501594285624 1.0191739030395042 4.183246180707391 3.667501011718439 1.450129868978363 1.5241602048483416 1.9537432617876327 3.9474737229023917 4.517400995919129 2.5256133660291007 0.6224713245267816 3.7289694667819906 3.021322838142639 0.046153225317618896 4.9990931631469335 1.1187536687204014 0.7465278836876083 2.6190674157255653 1.4430594372437606 0.34167849928180893 4.0736519631803905 1.4162607838272023 1.7489244277405787 1.8457529035325089 3.3317147805277587 2.7930880331521353 4.7817530574503735 0.11642196516546577 3.297077208662195 4.332365968525256 23.47401247123473 20.258179328032284 20.535939012522576 24.020005087383538 22.793622130910652 24.573567722235644 22.95071281902967 23.289556598106298 24.77308094831182 22.678329750490352 20.45275656667821 22.40538695339216 24.26021495456989 20.468873069528644 23.88567206665682 22.49287493556148 24.183720023313825 20.76595483147101 22.819927475561766 21.717449836475215 20.603634879498554 3.772872754959953 2.762499468711212 1.3466480488351862 0.6178239141239777 0.050660962604907045 2.3478695213271816 1.720076927766883 1.039712142353197 3.028358567994035 1.7793675691033828 2.8360945912389424 0.38961768014232123 2.5128887717051507 4.579688497685657 3.6864327856940475 3.8473205776783503 1.1779528919153126 3.889874220739469 0.12128393982941688 4.554363987189332 2.121702382066596 3.768355022774852 1.6224293739105322 1.673697778859085 3.6222021444909998 4.108341275176128 3.4914511586079016 3.5558811057933504 2.62401133994862 3.949882850993307 4.32296721034381 4.9570736615627995 0.2529388443992353 4.124830157060401 3.2250455776667195 4.578833542875075 0.8304437136126674 3.5487124267210097 2.92673256393058 3.092624147916943 4.008480617283653 1.0751302172095318 4.725220187684881 0.380569998995105 2.049482044729918 1.0345653515255888 0.36858149582046307 1.0226557273850145 0.3013279746765801 0.22726508430679304 1.2426853090826877 2.1982887307066052 1.8413228787527554 1.1627992846979285 1.1748684363500361 4.713122335117215 1.8623890084146937 1.124539686717862 0.8690521548966468 1.308985024437121 3.3906101572294833 3.004269067965491 2.0388915099920957 2.1360925315078534 1.5208192267042564 1.187691126425587 3.5598167309354753 0.003282036741347749 3.19989714953816 3.0006088359321996 4.123593068146872 1.2095066712582696 1.1253120263043692 2.8976927299753514 4.1332331173507315 4.58631591171086 1.0325114807282698 1.8151782474816684 0.5877446727911351 3.3610998587637058 0.8036078757390352 0.39033915561744625 0.7391097698938276 4.540435362136247 4.32962439614241 4.138940532678412 1.603810201728988 4.322421860284714 2.883105791681349 3.477374067532444 4.873522244740137 3.409636729590975 2.497755150160726 0.595105112761769 1.2328351124975274 4.750419954449669 1.2442074372900862 4.880105357713978 4.091388981872555 4.306624197146984 3.7344146768574586 3.7518417685885135 2.2547409312867868 3.663194529806106 4.9270531196954845 4.914776267353986 0.16708619331436303 1.0935613943083011 4.543412577243393 1.9413235508766364 3.0041934999336997 1.1338648628692254 2.409747265921886 2.6516357827982566 4.711666765054327 2.821867547376929 1.5125010850764014 4.1607539966714855 4.8632011841769875 3.7413352478145727 3.1708325821337704 2.6032920733747305 2.4204680517177706 2.4661593000334014 4.187879782558088 2.1281995827263915
2.224041401042332 2.067145907078325 4.234285690936597 1.3364927691530393 3.1578076489237805 2.9897276215653945 4.004415804096293 4.20416554963957 0.8904570763679842 3.638350832345376 3.765887046003945 3.9205651537352537 4.214303237459921 4.1788001646063275 1.9107356394576858 1.3398660611078583 1.4496999098929604 1.7511720746025845 4.654599553191007 4.2123848127314485 3.968246944743297 0.2282142278471544 1.3860952446030477 3.0485440578544507 0.906152626580588 1.903829526726285 1.122069103449756 0.6845947603417135 4.849918900809853 0.4133284233476764 2.3663045087758787 0.9514432383785998 3.532799412310914 1.4829674395781145 0.9001754403988965 4.700000487909089 0.017294882075744034 2.0341783273754954 1.8447838558271128 0.2829566635436148 2.273589214077383 3.0003474632353906 2.762742802222859 3.565233346766925 4.333249079554338 0.10962174701490968 3.8211475063665605 4.690787919649536 4.423737699412329 1.2493693916497661 0.7223130379071935 3.9818048969164193 2.696819669694239 4.722135441453849 3.7374455513023497 4.051537557242773 0.2262595262064021 4.889743907873298 1.646293169367627 4.9924452824192365 4.772870620739255 4.976759759581983 3.407637345143711 4.562836160408849 1.3705126281711777 3.2070152380039008 2.1139214872439176 1.047720387689537 3.342622245311049 1.0036875242174643 0.48629992595184746 3.398393926465287 0.2856552351301289 1.4668681284128238 3.285342563049538 0.5409626327900874 3.422599940908793 1.619055871262947 2.0226834802543383 1.2146080756356463 3.0683448503556283 4.893311842562925 0.7304067448145574 0.19829745159988976 24.542038842215195 23.602506373650588 23.705105807837878 23.5155218073699 23.60240869346306 24.708234264071518 24.094384882222332 22.18232365021531 24.987725212714 24.925007029051628 21.273496263577467 20.853668268446768 20.712887807153987 24.794786641662963 24.539811619053687 20.819141091059475 21.799413750972473 20.809019413794843 23.09075741521065 21.32922935744573 20.032175087745507 0.9683929250006618 3.138212971153948 4.868999774714299 4.088916917342672 4.572811413261729 3.2832671789379937 4.098347388689243 1.72143467497248 4.199257462963068 1.6821970741005587 3.486032274025108 3.202821185805628 1.0576879253758464 1.9073752065279348 3.616380418749081 2.789554384738815 0.19949278375853807 1.3946969471037896 2.6870632277275326 3.019585210787331 4.026260566916235 4.309085716085436 2.2442085834466767 1.0690850642844358 2.441522445306428 1.3423674951790343 4.5285700290176205 3.850870415610591 3.6951911615342166 1.472449414688548 0.4486284027159504 3.9239059610752887 2.3402498448364377 0.6814148993047087 3.954136057722746 3.6829589167123826 1.1002921533948418 2.627810656512189 4.092721897203737 4.135790359616895 0.17067427557720172 2.993292929436562 3.0343565101563104 3.213422412282952 0.5654322074040297 0.0967893342181203 3.3393334199862728 0.4290074041822689 0.21060271653409346 1.2694328541236182 0.9649750850543798 2.799173750977522 0.8189435885762236 2.6783746060885245 3.2453445647365626 0.08837922686954658 1.4661913155442452 3.690894692777267 2.7375338114136767 0.3330380175216363 4.9586452973828345 4.558872297253927 3.3320897266897753 3.055106474490281 2.9092696501079534 3.0645711940598597 1.718716454931296 3.060571056065152 3.7642958857180715 3.367826026204873 3.217866410873316 2.6129271495984208 1.6636461362911232 0.12432253945629024 1.06108898728128 0.6213467686565544 4.065357074695938 1.8622119436987372 4.311082816107817 2.599212584378245 3.5086661578799787 2.937190142848451 2.7273218410028193 2.182885684844986 0.002217823200229563 2.935792881679216 4.312560962986391 4.006748119691814 2.973943894097783 4.518695765821615 1.7921839821304997 3.8691585362374257 4.180009577117121 3.5924391929788833 1.9531657135223213 2.1289874930928447 2.7225260479735343 2.25160042605755 0.25616156941063783 3.7088844947196637 3.8892409416541778 3.8744322530230675 0.0801145089039873 4.169254985031166 0.2224793009383902
0.29189026025673137 0.18923845363615965 0.6585819050322567 0.7490479557072066 3.779050651432538 3.4894175083596983 1.3047671971652042 4.544683336678078 2.20691993717075 4.809083745660342 2.346409551284267 1.7388695975250852 3.4057933828755123 3.4455361915494933 4.523959203547348 1.1243444903158255 4.529271195613601 3.878184850713825 2.995511753648714 3.30840786697855 3.033526347828484 4.074285202658045 3.1217236534653443 1.6836070839226673 4.913828917291883 2.715391176418917 4.907050661700724 2.3939922030589407 4.687453114660442 0.231828265856881 1.2357921987457776 2.508986855595717 4.312133968086929 2.223703789818429 4.679241665882296 0.5982506249070724 1.6249078826841097 0.16394149696645377 4.086653281056777 2.2698228176249042 2.738417313990342 3.2366613579635644 4.087584899137242 1.613407945877015 0.9369573685800758 4.26906815265017 0.3725417752934007 0.3978156055861709 0.23457341397063014 2.2714680530224114 2.2129477970564677 4.608445794920454 1.2778481219396736 0.43219342617394463 2.5495087403727674 3.670406234057579 4.325397107161598 4.82767096626344 0.4176537188510421 0.8471464824750685 3.8272457795275465 0.636162872341175 2.6685943559557597 3.632557772669193 4.921995033115195 1.8624009872252023 2.1430188137955013 1.0135045111887553 0.5104607979523784 4.811540970777135 1.8020397419740353 4.366982763061249 3.221811203614015 1.359507766920351 2.1383923559653124 0.020757493315956 2.446739845015107 0.7817497134072299 2.859225730161557 1.529004357418835 4.3682607435215 4.395825004904984 3.015048769394864 1.0086932450396635 1.8111053717125158 0.2827378701674832 4.905923413376968 2.2792785509755125 0.04340843346653023 4.210838861961728 1.2836911443701915 4.969077272002659 2.2016666485439096 4.5980590117421585 2.893234953965803 4.680046391292593 3.3029751045167677 3.850670580060928 0.7160698449782932 1.664875688353964 2.849777788634433 3.852916654300512 1.8880095146975568 0.19186097046119233 1.7983749461743392 20.52391775371227 20.275973537123782 22.783389387367723 24.06508570306407 23.472412372993418 20.26405295744261 21.05096272678126 24.306552358024042 24.73621631667754 22.522859058369114 23.136855101610553 21.033545936102378 20.994174685918843 21.147485980111384 20.51669271608091 23.852525621994985 21.260130810399275 20.306059453141405 24.16250131339448 22.691958142711464 21.89416059937001 0.5961032102418495 2.124627687305383 3.283397362950077 2.5803140373557 1.7797195389939346 1.9628805790449544 4.503022844689822 3.529973347188309 4.084226390898372 1.8921423854376995 3.5856538223308148 3.4401149161781137 3.0872706191744372 1.5075521644759604 3.9861889622857545 2.254699913075175 4.66991811427937 1.777957182017984 3.2666717965894803 1.0486629437637411 3.601659656566132 0.6802319196231582 0.40229796915458804 1.5069860989015154 4.209539612748269 2.263153195691414 4.810030516449181 3.905803267174739 1.13333928376739 4.613088582569977 0.7961409444088491 2.9396313570573174 1.1420567605622396 3.0721964966699655 3.454041645954326 4.736769129965214 1.4048729625486067 4.440518971910092 2.5648419956703923 1.8292241722143998 0.6606421284286979 4.72327469944613 3.139023670537167 3.085109465986711 1.1440139944552135 4.717199222930121 3.9553178220801453 0.25836733281287383 0.8625350499863071 2.157021860806924 0.818816769006826 1.951871705481278 4.415097977377703 0.4669854286520553 2.2043956003633207 2.1378723700430635 0.6466678878088816 4.46442258636853 2.7484054513580696 4.244587251145711 3.018160989368812 4.526049432658954 4.746695770923624 1.4431169960283246 3.5067606035640457 4.871382579069746 1.3843500590780717 3.639252360059506 1.4664368462793647 2.368864383561135 3.884499263841028 4.11219607337724 3.82870774877267 0.28954095629318277 3.5489439164512095 2.5911473125029616 4.269273566482284 2.319925059413497 0.045775600891282964 0.07172312605070286 3.218778622009763 2.4809438522042986 3.2768611467032334 1.9461717758496144
2.2814671365762274 3.316734617150459 2.9818713667580536 1.7094720718113803 3.950927365174643 3.403371126808769 3.9627197123032234 3.7998444172856605 1.4398123099484956 1.1096999051627026 1.8624836563608271 2.0147605387937055 2.7579826732794723 1.3318424101289676 3.9119774162440075 3.4792115928899907 0.5265884280927913 3.82980356129678 2.362138163883831 1.0292413396990108 1.6320016098324608 2.1961458506161478 1.9928387808198655 3.267486005501902 1.9707028391323527 1.8352615782769481 0.4212510138033332 1.040833829771296 1.0638323288627323 2.707333528837006 2.690166489816306 3.7221479552052945 3.677595685357548 3.1861497464578514 2.9207933895375096 1.2682410716467745 2.2502308137121565 0.5154138789361318 2.449540247649025 1.2146251325066437 3.150482120107045 0.7914006439535898 2.7944565306222002 1.437961523567723 4.63607530995687 2.6581752825561074 4.788379083537686 3.9659043769863493 1.896293370697264 2.3446876515633654 0.5728588543068414 1.975809354267547 0.5319191072515372 1.121128566114054 1.5655987567322422 1.4754279804846682 0.2045601135765157 3.887099335791734 2.5532449334609506 1.9831613927270508 0.7462421385888002 3.756782710776548 3.0297822714401628 4.274114804383466 3.106701612421163 0.6110234049344143 0.5175436016898682 1.201282956515874 4.948656785277707 3.119624588421719 1.125397135445414 4.2849972567018 2.117817531668418 4.851741393440776 3.7366444447493823 3.843825182386096 0.3068986374939836 2.3813742097074653 2.0520003710516166 0.4484577503763315 2.6877660451326313 0.7224965821035367 3.854451083591959 0.13190564550209616 2.968234113125025 0.08020028612297281 0.16133151770654275 0.11624614897639773 1.8501828737543835 3.1762562773656584 1.2475142963716412 1.7063876244644949 0.43176571684241105 3.0147529163648477 3.735515842193495 3.3022172286412483 4.419451413991051 0.8050508069915963 3.9528123784747535 4.7492341420161726 0.6815096348416788 0.4172434348780074 3.533528736803685 3.6152809443823566 2.4769408503434325 3.8417651780263258 2.452050489941142 1.4681241031058785 2.4335157161503944 1.261419066800899 3.979531187917567 0.5449916501324792 0.482029823728673 0.6980764837255904 4.765393067114249 3.7943105115297486 1.1745931107146164 2.709379601416317 3.645105179393317 3.254160404293927 1.3607813811765856 0.07546346877907673 1.6279285370511336 4.2242304692048505 4.839491990019024 3.144955659025484 20.417522695666538 24.216446618217176 23.532129208472938 23.332321663307745 20.270876256666725 24.974197281718233 23.84318151905546 22.312055664674673 22.912159550341116 21.4669795249065 24.091934467579684 24.69750060920919 20.44732909331439 20.312615815056486 21.98282989144895 22.75798015305638 22.976063877612603 23.530446990449207 22.580130240975375 21.078007155577296 21.65526539564395 2.7700614180365966 2.097039782153773 2.5549470661500644 0.9135287941072567 1.6305326783642586 0.22013522333309055 0.9797746771440108 2.999495563754448 1.447619443460113 4.510315067177842 2.7864904864085123 2.6881203703730288 3.332948907240178 4.416592218918493 0.7718160043422173 3.6943449902959467 1.1022259149890896 2.6666249498001338 1.7180423409306433 4.535679286594913 4.213126857306271 3.8729712751954426 4.3515916494159885 2.4496145288131093 3.4074290687243507 1.6523686532146735 1.7302263573459609 0.14580722978882632 4.387846012824937 3.376526748172264 0.28559135876398356 4.866982393695406 2.9310877042427403 3.111632688150483 0.7547545917534898 2.9901951610493516 3.5763993506840954 0.10276259154395229 0.019810508180692077 2.661566999886407 3.140418320010621 2.308525273414654 2.8299304534971705 2.930849647003969 3.6887157772479884 1.5751796823587054 3.8661721655339267 1.4697248722907181 0.14305903160670708 2.6792681005592596 1.3072220524007905 2.672356136522787 2.0871866115439324 0.5945523117592422 3.7180853276818944 1.5479651918923265 1.1497104966605125 0.42575008431670835 2.9928289151953598 1.0878771781213832 0.9584781545795829 2.4326494921931676 4.760796004359596
4.933361511052203 4.856244104510385 1.2649924461144724 1.6313054270106897 4.99952727948389 2.789785619788963 4.876798685742245 3.142863061323242 1.1888821923898996 2.174297367471027 1.2369430446365666 3.784503888538842 0.8731438732452562 3.8574649144501603 4.254018433674881 2.349948338619968 2.6348174732274727 2.2505288557021648 3.9116014051080756 0.4400332089426062 2.599570976830708 1.8567751810240196 4.799753614866315 0.610045404335498 2.276691490204202 2.1764359393326367 1.239160056039001 1.9474094719253592 0.37536458692485175 3.269833089981285 2.3477286007550413 4.818511838607362 0.48227004243500293 2.2182516078032726 4.457536273487307 2.360049415475033 3.5597262493811894 1.5543631770655435 1.3442605349509373 4.768490712309284 3.7591031898161518 3.878302331950474 3.8617860566555073 4.313218074329229 0.8341705193735094 2.4665018912803665 0.3169099782567475 4.607569063994386 4.986944577104924 1.7536284090702576 4.2134086897527725 4.212104339585511 2.863740224084106 1.9124480311722103 0.46458292086794417 2.30504897067124 4.5803805177087185 1.0041943473930681 2.251942483004453 2.01843344241178 0.8215151155186379 2.4203499342236583 2.798963272962342 1.0676805809706384 2.854020863372278 4.016718211668753 4.432814031692299 1.3402737201468957 3.8696510715307464 3.182826050310794 4.95439458549285 2.7546195942292115 1.8496687234534144 1.0036398172752947 1.424270934609424 2.355628761250004 3.378814096146419 3.1987786250242145 2.0499392994494894 0.5693574009138652 4.555740882625233 2.6553067138210857 2.607830260288977 3.363808346335593 4.223595532132732 2.351682690733825 3.834252474012632 3.8586063691046544 2.5929353343588772 0.7674112127162369 1.8899959705702503 2.779444690852864 2.2088279292261155 2.4852787962043976 4.330577042347766 3.6796634968193604 1.465288103412118 2.1954552194705226 3.023998646308682 3.5137768447272766 4.475011980289564 4.20779367474036 2.277897773421003 3.917731409354683 3.200643974907957 2.9574212309896097 0.49324161843264935 4.161005675047521 4.562686767865153 4.289496743920862 3.561095683709265 0.5678402311864716 4.930285532344063 2.3178946423714115 1.3262589363366994 1.170542295212863 3.572105039236672 3.990562884181088 1.5186429133412078 2.624581973835382 1.4453541903699434 0.7864174424595932 2.455257680574271 2.557531834001667 3.0685759232483694 1.5428201343266423 1.6930993695507768 4.210310564621527 3.3844895801795523 4.604866279292204 3.5816555903581855 0.5708134698628065 2.729357539905266 3.014115194579693 4.861223099322354 2.0160052667328676 0.6589349716872767 1.515481199138808 4.683321941248718 1.4116803141509526 3.037298026484322 4.086762370438074 4.785196816448225 2.579180307474931 3.3676931942426003 0.6778838078241367 0.2391250821951657 20.318514321575986 20.282968430536027 24.22280081960802 24.837836247138135 22.513446179731876 22.080153794660998 23.727913619024008 22.497238537657932 20.67807598489881 21.495994377820935 21.343080703350818 22.43003094223826 20.660605528641394 20.065355372039637 21.661746686507023 24.55902893456607 20.074617187515813 20.096185176086415 24.918463164543034 23.42157233885809 21.15151566853271 4.097070211666061 3.332760865614456 1.8156422242708796 3.5430528956157934 0.7639174260373688 2.591346077098388 2.8726969391211683 2.1469704966816687 1.8312485664798506 2.8448479448870505 1.9969139190625396 4.988386103597769 1.6479104285016515 0.9528529105453998 2.671628357985336 2.4796273325595095 2.948638310600032 4.44845496229677 2.6931918194909397 4.4102990798345205 3.861057501498814 2.2386763722571916 3.7967204565804895 0.05676041120487085 1.0366392562239934 2.7022070356862966 0.10545062403890748 2.9269855438910004 0.33342993321567926 1.7152124238548327 3.159199675404758 3.1472705930473506 1.3034920505324337 2.2174434539964194 0.3200836153158776 3.3718936395498975 4.940707772656159 3.3657990284587216 2.4349391077590683 1.2318716118960538 1.428229715779089 4.996425729786726
2.421195875448569 3.1872869805763493 3.2283212909690877 3.7219847128970285 3.130556607797066 2.1446796075418733 1.1141325210932063 0.27424995350600334 2.573062972955891 0.3693943264356908 2.7478642080792386 3.3299554626476375 0.07473343162037183 1.9404796453094697 1.2110889640265754 3.704567592383058 3.130467836253452 2.274768465334648 2.46211092031692 0.14302434028473532 2.194040497691658 4.02388334002795 2.0266344169616337 1.8530626378834458 3.5717978193077906 2.108224434747129 3.1507224183501603 3.1848545498859315 0.7829502209105582 2.370109917096965 3.0955818188313544 0.7970640436694437 3.4016274221254053 1.8903793170773409 1.914083441008445 4.627135470434728 4.034742310824809 4.003768160582817 1.3507748081019026 2.4271222780239943 4.847854340646415 4.7898503185995125 3.1255145140382767 4.816417233060683 0.015542966402355418 3.8130438047323696 4.085254478792374 4.184737212965274 0.628424602027226 1.9901326912178197 0.4518217591800039 4.74550816587833 3.8791246066339617 4.628340632908845 2.1517802126383847 0.4172913327420863 0.5080104751163567 3.923318078128144 4.898054658682777 1.6417450198265953 3.5930794068816123 4.0379439550732545 3.0247103458561746 3.9238633143723556 4.767353929252692 2.2580636467829103 1.2732653821915978 1.0649939142048308 0.4846788541680097 1.4207497312506812 1.61079192197209 2.1576239444216134 3.4645976877033635 0.8697875056829268 4.621921554621403 2.089293962641699 2.481789565549759 2.415691208467951 1.0564379136551116 4.852617339916156 3.042071060259692 3.1165151550751666 2.4054231078474793 0.77378134987378 4.000659903220146 0.18580153159994894 0.4080561961354351 1.0372213972186772 4.345208875389702 2.938912621215743 2.000680543187511 2.0431945993736544 1.0548425489073288 0.6793055307564966 1.0724312979701627 3.6165044868091902 2.0236079825899407 0.1988302026518407 0.816136085627307 2.3796953024925305 2.7141394394250176 1.1079853859538369 3.0808205599653777 0.08200185448037023 3.067272770371318 2.4920122374844196 0.6489875466837214 3.3444226278945157 1.7943065836725902 2.868920131951911 3.834631291194241 2.3757404865033855 2.3381949310144785 2.9223154403122784 2.7803615323651467 4.693344390455631 4.839755208726348 0.2790925925801091 3.4348276523462182 3.230966051338122 4.19077055508411 3.04635730546945 4.46605535056625 0.5526576034776842 3.880696266104569 3.5827835101659105 3.1082546627158902 4.122339736925407 4.110242199404006 0.23923082345481628 2.391339352673168 4.69032177470752 4.799391885586357 2.847896386436087 4.646697419393069 3.979390520845852 0.5736018803526655 0.7179423101782584 4.063666986090481 4.708336417213394 1.5448212907758108 2.246355643099251 0.46471481371975265 1.8785517319345195 4.744684583890854 1.8799616151962755 4.009108683027111 0.4991078817262318 4.728035470968154 4.271158598846022 2.2587690280401014 3.2602571997386636 3.156582308275767 0.8422059991083253 0.03376839189278058 3.724005498319806 3.397864525353165 0.8261830690231942 0.0902863408179122 3.3839688841346387 1.5956760074434388 1.8451010202860563 2.1293232858595195 0.9393413370093201 3.696299568975236 4.476265962635811 3.6424689473486134 1.1205923759079255 20.585243010324643 21.631984165211275 21.593097580188363 23.756352909253906 23.17805326200864 22.814480159161427 20.71243155934058 23.880430119786908 22.52226758064116 24.757249218658643 20.43826890599589 23.214358934000263 21.110148824215017 23.83939291243097 24.340044027004872 23.54031042534123 23.39863343815825 23.56738399011928 22.072301364707915 21.49126190929562 23.670067480777885 2.8186509796755246 0.8685081334903216 3.500246371732823 3.49343404078742 4.914140234581562 0.4734530168606732 0.5673387991949969 1.7918675309589782 4.213102365873238 2.4023036796877664 4.385858059993581 1.2065411148221954 4.687096755986635 3.2074926171893248 4.85723689189761 3.2607073989982363 2.995265176872274 0.9132811955791975 1.148805381138256 4.482400446232207 3.0867215187879045
2.3825042710679956 4.035485779626221 2.302469546720273 4.985771352124242 4.172477155498885 1.4811887262015473 4.175385900792654 3.6040565817885515 0.2588473733327662 0.7692513352016478 1.4797687658146108 3.268453689690125 0.2984830446724035 0.7889592975786797 4.457036383834868 1.4912158624999599 0.28405595581751486 4.472040053467177 3.183165855237033 1.9703793453427165 1.3882026165406747 0.04104944694090007 3.2784592757238213 0.4261827861320666 2.615508635548906 0.33694684399376174 3.5493054336195566 1.4368574101085425 0.21393206637887796 2.947840871757121 3.9210510734032327 1.3013116253384989 2.0969911578014626 1.6304724422367318 3.290110447686618 1.5169742431367101 0.8939042336153885 2.913813611275631 3.4330233769020375 1.0495956865266516 4.871802713537114 3.6475622622747155 0.21264561676803684 1.3963667007411158 2.7023219298852834 2.775293088443319 3.2298704428792475 1.832479596510061 3.0965686805524637 3.2943033049269257 2.9625004597262823 3.9930355625455585 3.956844216102249 3.9291687032414373 2.2268426368559306 4.310563080862482 2.6233917848571675 3.3802307547625228 2.3255417964535994 0.2146059498937125 3.454643224005696 2.3382867047024405 0.9688794488767638 0.5577657243499551 2.1312154714576 4.208329910453879 4.090788779026085 1.8771463346150101 2.3013691050026814 0.7891773162091714 2.1199359206284827 2.7409985231687988 3.8637089017889386 4.777449260875139 4.360777040167515 4.818731235596256 3.0050082798794495 0.6653221599980752 4.376022725514313 0.790513080735375 0.040482901068667476 1.8483154881824437 3.94219784840224 3.5974192034517625 2.142458077731073 4.102129642033608 4.318791684122009 4.850161824306145 4.5513704419047905 4.438174818626746 0.9523092129927929 4.711142907027954 1.054653811906433 3.13136072339024 1.3246973043819854 0.19977699645906122 4.127284202360554 0.3546612078223432 1.5781605616428984 0.9718453429025786 3.170914283338067 3.250855731964402 4.271037064196598 0.8215603193274346 0.20271831507597537 1.6732901389033772 2.7381524134846407 4.288006814014173 0.6940595489315621 2.630672785954526 2.2712213187395696 0.20551811307583823 2.2048498841841644 4.379024115877004 1.6056080711548837 4.001490437032801 4.298201426046454 3.3059318722324758 3.758668559718487 4.197162067271595 1.6007982146033854 3.3926030755684278 3.3430629813105206 3.9537632753201155 4.212772930558682 0.35653017434358336 1.8468692301553669 0.21584918425444077 2.710237182382807 0.10004278039494052 0.6701230777601785 4.349670819297541 3.991140217054414 0.6015044094963129 4.956702797879888 0.69612415135833 0.7225658575493882 2.395697756801085 1.8388845516563586 3.3857041545841993 2.5556840769292153 2.4316209775853026 1.7971534790037724 2.9880868397802045 0.3651630222770802 3.0135193464576098 4.558437654554557 2.2428294319566824 3.840864532538581 1.7299331456482636 4.55699397310217 0.6009417541542328 3.721245450539103 0.456207555085989 3.3716089074115874 1.639881369224393 4.632610553842006 3.6543914349093165 1.1660008639071262 4.784080516940528 1.1252260899594497 0.1948005954160098 2.5152568693305484 0.024506867168717084 4.957537164146356 1.8437447763406223 3.0356961577013215 1.8176785123076962 1.4632901973002932 2.0823403071703757 2.5004083872924814 2.524932673997709 4.885924377965996 2.578986960058838 3.7845756566542574 0.033410178482727315 3.070806968025017 0.06516458364846989 1.3535668043198772 4.891258550371986 1.6564146819028673 4.774163222208509 1.542158399135628 0.02028868385067606 2.762357641252546 3.102341791561244 3.4995989370186504 3.7047422743691283 4.18653624785955 24.840745829801552 22.48344552051931 23.286959821689855 22.302245253862566 20.895085330553194 21.134958920269163 23.037993553828116 22.997643602704237 21.52466887580063 24.460265224178137 24.25649938376 21.863120483027647 21.355074630679376 23.00634773478834 21.822005592398977 23.202839844517552 21.185094155349134 22.41457731568621 22.459210570772946 21.74091364113193 20.192193831599393
end

ganma 
0.9446972111454696 1.5505544699253724 0.49744075992010894 0.15396656747491566 2.7169160347811783 12.269872637923992 11.194305662660808 10.835814138901275 11.50555819426453 10.799773373022148 21.266253083493922 20.70754751085966 22.629437913852428 21.245610572670394 21.697931445598183 31.97545128859735 31.862154674987835 32.81389737353776 31.854689787740526 31.661838402740045 41.50759281814556 40.66790946175354 40.02417895062926 42.41854883692569 40.67215606428304 51.19234066382348 52.168043106760614 52.028601401157104 50.50484808897214 51.91041504210231 62.24858933975817 61.05100916373449 61.38832255305209 60.38160293867338 61.80957814805991 70.27923663261262 72.71450764573353 72.94397964874477 71.36698118547228 70.69624463917067 80.0016294455315 82.10434141761293 82.89505122464517 81.90802120940552 82.84216929758081 92.5838153806233 90.8737313790382 91.29210214709101 91.92439614511062 91.29549599584696

