pd 
0.00023698307686078983 0.0003297816214291711 0.0002876476055612897 6.931193680214549e-06 0.0030821121315105487 0.005727751524607398 0.0046037637038743705 0.005785762151014426 0.006651624835537778 0.0037368660069723933 0.008647397872793571 0.00920820414376547 0.009055888874977311 0.006726159309025628 0.012626469128337007 0.011812674278985316 0.014171596200913465 0.017343224470724818 0.012634831991452926 0.011112546611945641 0.015665707628727717 0.016874005495707067 0.01900565612701678 0.021459924579291433 0.015915117519440834 0.023042725336216242 0.018650463845120577 0.027009947453959966 0.016437939785013105 0.022854699024605112 0.02677485915684456 0.024621935630012467 0.02530450569334336 0.03280030409241196 0.026209882462171593 0.033670760302805004 0.030099519593987777 0.02681690975818272 0.031104694210020732 0.030871628408156986 0.030200352073662732 0.031247267032225776 0.03309158848940427 0.03675635696564433 0.03361240824450481 0.04564394786576364 0.03694294831403546 0.04457516387945881 0.04134263391238482 0.03760793038590992

pz_d 
0.5111271370937259 0.0837393050876318 0.06275791533636813 0.0030592348082233243 0.11824179529500667 0.0644868069197764 0.07768200517395901 0.005242193619030324 0.06792105652252985 0.005742550143748593
0.6272869038350593 0.023104181854552316 0.0322223133992935 0.01706976240048359 0.029355013365784 0.0604409485883097 0.001128711512751372 0.0036697455090770985 0.07983668766833091 0.12588573186635804
0.5101668772348604 0.04793451573106619 0.08581734146606096 0.01426256487691945 0.0012541870172786255 0.05495165072600846 0.09756974808867906 0.035342516358369984 0.10429168532802909 0.04840891317272764
0.4522975908884148 0.04144565483248771 0.03873208735420625 0.11479894936233755 0.16266179793564178 0.0725422578533784 0.019443248944838874 1.1713084302035112e-11 0.09573614070450831 0.0023422721124732497
0.41587959428397053 0.0025051646032470754 0.08533311817989661 0.19150597713017328 0.07981008343039901 0.09643544696303108 0.10861685688677274 0.01548059516101092 0.00011371433200273574 0.004319449029495847
1.6568358451407198e-14 0.4999392017418048 3.5214788780575705e-05 0.07862492805394539 0.059928077907111264 0.05175564909663618 0.00489490782894581 0.05230401209446373 0.23752926667524346 0.014988741813052313
0.0532786721308336 0.4374640791800207 0.06141886712412892 0.005746877638270642 0.0992948358276248 0.001794123641445401 0.0825552385733925 0.04414300802574364 0.0028647191556801974 0.21143957870285948
0.03071017327429747 0.48424143786609297 0.084190735913856 0.051837554949717785 0.08367385784315097 0.044062501915939196 0.0774925182567054 0.06701461836058525 0.02648203027985619 0.05029457133979859
0.04137343989752463 0.4695246664222568 0.05652125169905337 0.028552571378073894 0.025515923019571816 0.05965532715508717 0.07426658706671657 0.1328524759378016 0.043672343268960634 0.06806541415495353
0.07327206782736467 0.3729996558232217 0.04839001347183526 0.0977060541553245 0.11116364262776383 0.049752596828710145 0.09123491838233792 0.023755701601142175 0.0025269374598316362 0.12919841182246797
0.034300361197073304 0.02186357063579958 0.45068863310104357 0.07157769892957129 0.076058262310175 0.06520627675447004 4.098337091556096e-13 0.09436829091067528 0.09005707672807377 0.09587982943270838
0.09643145602434551 0.17815893860957274 0.4878668782696333 0.03694021611438811 0.06381229835040536 0.002355746561351971 0.03065877714153121 0.08725941706870703 0.01640304175336233 0.00011323010670239414
0.03487536311544679 0.1765533775800797 0.5726914117867767 0.0004530347939388989 0.006606260324744914 0.00036422361338316956 0.09454276312337727 0.07011178848902291 0.0041164545208055335 0.03968532265242383
0.08337911655676895 0.022095800190858605 0.4466906488603165 0.0005472649575086041 0.12170415861514912 0.06672296369490546 0.014225526414472256 0.11875532129361636 0.10602316820085328 0.019856031215550744
0.04350058709683697 0.0758701870200202 0.5666167703293994 0.018151921148061478 0.05613825345841416 0.013839136206487863 0.055750858535240984 0.10238035263962232 0.03447144109126913 0.03328049247464739
0.07083324806695471 0.09826879967700065 0.027744683734699644 0.5472425020250831 0.0661298271857369 0.05672544615920314 0.06942503078628125 0.021064691698160047 0.03544515315305847 0.007120617513822158
0.042008296947750386 0.035244987697701916 0.029194669138450775 0.6209846245115862 0.011250691313817127 0.06337030666666893 0.1418999586302665 0.056045997131407836 7.570495085504843e-10 4.672053008176612e-07
0.11104603605748624 0.0069013400202014505 0.11663401874256343 0.5034131201914266 0.07136405148787402 0.011197674213405997 0.03360089281588579 0.015654870154484822 0.1301030693428894 8.492697378217694e-05
0.1713344221725769 0.12071395888891176 0.008902402730425576 0.3624800463742803 0.06355625145071403 0.03405441636836206 0.029708728771183832 0.07692380818192059 0.042576111726256555 0.0897498533353686
0.0008216607759769475 0.05482885950241896 0.03673011471861727 0.47227561829750514 0.016902483988339528 0.08842531897467518 0.09214864768882786 0.1675392100477942 0.031353962000948914 0.03897412400489605
0.014466734236807777 0.019836703832339462 0.13249285697907487 0.06867482192903973 0.4904590185849672 0.1035666246329706 0.0330803338725083 0.053946538643954225 0.02943222085765715 0.054044146430680666
0.07024865281275232 0.004644492474318137 0.0024589449529817285 0.1600683618930989 0.5069364275488253 0.07598457766795162 2.59468221716899e-17 0.07518335561637565 0.09610547386420562 0.008369713169490742
0.037873994125438425 3.138980332226037e-08 0.1290793098374927 0.043875414603758746 0.5836227875872105 0.006518547053540705 0.14042240733798603 0.0014465537636346424 0.005266594689782002 0.051894359611352796
0.04640940014654093 0.04041521980853563 0.0010729239087119938 0.07539519218690514 0.5879463473777563 0.03849663813475943 0.025486937625746685 0.08583685905666108 0.07975917255239853 0.019181309201984256
0.03157662920776604 0.06569583190030674 0.05382767167862683 0.07950325024021614 0.6005235744317751 0.018575109031221664 0.02144017414669048 0.04979579810207152 0.07326041650331176 0.005801544758013899
0.1197093318950059 0.05207169294993156 0.045836331998230784 0.06132936439383771 0.09399813433295003 0.4009400772492933 0.04654741352823209 0.11699943990414284 0.0358782634801173 0.02668995026825852
0.0005715942439359467 0.08199259269932871 0.12556399475828572 0.001543493975033623 0.06516920109544623 0.5717217567075712 0.0426715320836566 0.04671732614250267 0.00331506243104736 0.060733445863192174
0.13416410966140385 0.05172924391910774 0.0756136697125046 0.043879218865779133 0.07017473143179594 0.46153346846098264 0.007750923761685824 0.033886208899280956 0.02162848659174443 0.09963993869571479
0.02897781454598792 0.0971983032335001 0.08724172373622689 0.011513051251721753 0.021867714405535206 0.5388940189056447 0.016753885180020932 0.08172649119931646 0.07696266024764238 0.0388643372944036
5.242203929004804e-06 0.06348111614333024 0.06241222601491925 0.15453957134194293 0.013798735037410928 0.4014660502875754 0.06375315642454688 0.05162297898706343 0.05060368835678145 0.13831723520250044
0.04605487104182177 0.07886103528252708 0.006561974826408445 0.02857449315161322 0.015654309918532564 0.02427642385697529 0.5920152685356062 0.10092369623729938 0.013838359342211538 0.09323956780700451
0.004270164364937179 0.07697402909296111 0.04110168430512953 0.05211374071715005 0.02730835518086358 0.059468161342925305 0.4774778530283737 0.05479752171592834 0.08823764013521607 0.11825085011651519
0.02269915771017732 0.06583743789103146 1.4445111433763106e-05 0.11867481719307518 0.054649087340843686 0.024357935481097846 0.4711864918064839 0.10995480132613449 0.12865619684987484 0.003969629289847325
0.006317114606363825 0.07706163907595617 0.010814821796090043 0.009808400264360362 0.10832256200924434 0.056336423992377815 0.5789497866937797 0.0716656173147786 0.05750209976075326 0.023221534486295978
0.10839070935244989 0.057054302352073864 0.001516512785314332 0.17398554434364982 0.03017736232937215 0.05440455850867138 0.3139078478597839 0.010724131885847393 0.10452392758204199 0.14531510300079517
0.11837229704353788 0.010009122061754628 0.013700981747577043 0.09386915283698893 0.01507057039782536 0.10448144697621267 0.06368070304699255 0.5287672082193466 0.012182492955308136 0.03986602471445631
0.0009054876903846008 0.05033593954690024 0.0893390050972862 0.0022098462108079194 0.08316662390654037 0.13639650098264197 0.04562960015368468 0.5363795194207243 0.008075441380461925 0.04756203561056769
0.07157033868144762 0.0028264963269660393 0.03348028773814352 0.038995393264789756 0.018558974907023112 0.1571230389124927 3.976433969701572e-06 0.6373873592969566 0.004077110605817375 0.03597702383239374
0.025491988137706728 0.0866287342335765 0.010268958404496913 0.14564013877230333 0.026343747679075484 0.0013251056052051686 0.01704239084454025 0.510906693831727 0.1502608826893931 0.026091359801975227
0.05937470459576414 0.09076291468392089 0.0034344102531250168 0.0010194722502626765 0.03904644118445414 0.05602105694531712 0.0752139999332421 0.6138385886722075 0.06128841148170648 3.0487399097418136e-19
0.03128380941955463 0.03939624260789487 0.05467713589081879 0.03833961042360282 0.029025535936261466 0.07736738235171947 0.002381452951342677 0.173468710922257 0.43438224679590404 0.11967787270064416
0.019118590518522386 0.07966824397029196 0.09296267861488745 0.015062254946097206 0.005220758306422396 0.0698271996060351 0.07913423091805057 0.01669505955140456 0.6041811662897507 0.01812981727853786
0.027832900542397353 0.07664630256409745 0.04054139850739974 0.0008112206975799961 0.32742285254120623 2.5870542827449902e-05 0.10069203645489289 0.05813130032142202 0.33369923483210373 0.034196882996073125
0.006910499045690147 0.003915379248769723 0.06580286183502525 0.0232359725161806 0.02905259062013141 0.06496488291088492 1.1007392520273993e-304 0.047438249216215 0.7186997868445152 0.0399797777625877
0.02252734411371583 0.057695246647673774 0.14697250876425821 0.026854643174079727 0.07139534371409607 0.020740037454980417 0.022006500971832117 0.0009899750961038414 0.5914768641740696 0.039341535889190406
0.009191168910683728 0.10640280713971875 0.0359141574389356 0.07454105294817877 0.02927676204542085 0.022935625115879654 0.12731708331957126 0.12290065731474838 0.017048050368794407 0.45447263539806865
0.0024396060481938356 0.11059177108532246 0.004862590927796129 0.07846204474358046 1.4449475433864005e-31 0.002328626592201197 0.0002592778791885254 0.033933323216297405 0.023810576089831108 0.743312183417589
0.012938689142086419 0.0033876049312298673 0.09367281043439471 0.0014668415453181751 0.022117796760137816 0.0428858101087346 0.07814213394374035 0.1325639914598629 0.07500014028475933 0.5378241813897358
4.237009570772213e-08 0.195373308270595 0.037270417853697634 0.0027940941723644404 0.08230503710459318 0.0717102427765997 0.027306059679267677 8.83736038643092e-05 0.08916652049368208 0.49398590367524015
0.0725986912440292 0.02466663658016736 0.013812587238404265 6.25950652986505e-101 0.04808611972085966 0.10401774377954484 0.07345378648893038 0.10161945398137352 0.08783571176243417 0.47390926920425674
end

phi 
0.0179256624465609 0.02163566729684773 0.023829329977263 0.017468717446574054 0.029873737348713764 0.019776756794267113 0.032752665431462887 0.02275209804995358 0.0317014615647188 0.026140455388818828 0.029592310515414524 0.026143727126430982 0.022027983286332008 0.025271214078166838 0.01786645668803377 0.03515339258310966 0.02090836659106893 0.021181190208842786 0.017847966569666904 0.032134478922023035 0.018720930130137294 0.004650524437222673 0.003653381278062282 0.0037593512916535643 0.0050169229328700755 0.0046382820414442435 0.0014754676352452477 0.004221564159126079 0.003157059658501319 0.003640767100196806 0.0021935479880294227 0.002019938575438141 0.00352411742371217 0.002588337272535141 0.0013408874824161123 0.00811774133240285 0.0004972627357083769 0.0024817173292463203 0.0046026559496546455 0.0003550031903726941 0.006809760018667558 0.0011035530321002003 0.004176104136040497 0.0029990707788694485 7.48760039730872e-05 0.002196183922248949 9.697342613855192e-05 3.6143163224308035e-05 0.0029227695937919626 0.002342880360735016 0.0008066922211868615 0.007969408196745104 0.0004919647404887604 0.0031574340729253686 0.006993620642301906 0.00034420303605667393 0.0019951491251102007 0.0037353987384809067 0.005957444015066818 0.004577506855135415 0.003697914198127628 0.0024906501850339284 0.005280007570153633 0.00024049107574314975 0.0029904231740970014 0.000454276489534073 5.407785559273877e-53 3.6577263519445034e-05 0.0018568826858566566 0.0012603878029904298 0.002835873332525758 0.0037650359501368294 0.004629285466172649 0.00022355597293684105 0.0020004058886737438 0.0006021826172538458 0.00285927916080942 0.0025063585975210064 0.002941735158210208 0.0026848232818651547 0.006893478351306016 0.0035526632004310244 0.005027220451334778 0.0053916233684721294 0.0019808511389633634 8.636376102823118e-07 0.002718689027897506 0.0007173394429087976 0.003720523032030924 0.0006122843046225375 0.003756416513106434 0.003191459510971338 0.00011826703080367776 0.003547888733835048 0.0015719510031880287 0.0007117621947479518 2.0543654120279426e-05 0.0004451887374656928 0.001297482959866076 0.0010580222821662297 0.00016294038062221374 0.0014768701681486841 0.0037850691558097603 0.0014633512374263688 0.002579857570185747 0.003056429909405227 0.002157399044609351 0.001673381754027889 0.00017604519647981077 0.0013756725431845881 0.003325230050976408 0.002781260076154274 0.0004116740250973681 0.005095358581968115 0.000625171112680715 3.657031238450547e-14 0.0008893223481547399 0.0038705335832510163 0.001767374461958899 0.0016303377307787291 0.008515147203613257 0.0015619048214341766 0.005286527013483769 0.0017781858012668056 0.0017803213213288603 0.006714697451698219 0.008022509975390545 0.0019427986892317423 0.002818914116242464 0.004575270565181481 0.0012992183756456207 0.0027199642053549592 0.001736062128329348 0.0021863366393900874 0.004023893844675045 0.002817942413976365 4.995533023292019e-07 2.487198019927708e-09 0.000797564665446382 0.0010481711810032858 0.0009614903898883254 0.00015701177873182965 0.003069545147432116 0.0018025403294940228 0.004646248031404209 0.00011680750380111421 0.001018764064606842 0.0022420182763925635 0.005439715124513954 0.00016844884631224822 0.0007507044585779198 0.00995450217208045 0.0014309471507777392 0.0031491919150352637 0.0003058995848903475 6.750902566270614e-05 0.00704982149087218 0.0038880941511855458 0.0030453712878287372 0.0016063064574664881 0.005998583039855212 0.003303916470712463 0.004193718362951587 0.0066940586495623415 0.0013651406404763475 0.000978733589004803 0.0023097847856311145 0.001024913676444937 0.0003267503069598623 0.0034613182573499496 0.0002346720887073729 0.002651499758409254 0.0013489607090744447 0.008174937866407344 0.004570541476174625 0.0008509849042014533 0.0012304345501108324 0.0009270695072069945 0.0014872389433246487 0.001341635493613858 9.098746488790087e-14 0.0034490019283476975 0.00391714315885234 1.2702081885160056e-07 0.0011036038542812608 0.00432888313812697 0.001984626168809695 0.001673107192378541 0.002371621010974698 0.002309069459860269 0.007123301324701647 0.0032358862052644932 0.00459512415281038 0.00359445903215035 0.00023363375494134513 0.005442178736941539 0.0011990189502936056 0.0012025160310571575 0.0019200358236032423 0.006868761208754075 0.000386141622741784 3.995651336569978e-09 0.002204720343470624 0.00014657754615040805 0.0001346565114165685 0.005099805094929683 0.00733572281576279 0.00421464211687358 0.0005732866634708386 0.0009604047046473279
0.0006288362721811982 0.003114128986377366 9.974808874959732e-06 0.0003351533036778672 0.004421340181208258 0.0012228966963778952 0.0019298374443607062 0.0012850321356102825 0.0006102873208427443 0.0005279199264691394 0.004919963446330277 0.007841493438005838 0.00519615850481155 0.002644756067887236 0.005139628553165782 0.00108202150798488 0.005259745551638405 0.0006905640672497213 0.0009489776818580797 5.9131405104710045e-06 0.00013116860164904176 0.025098092882373923 0.021638673108739494 0.024312359602972313 0.029445466465624605 0.02354537169939055 0.03392680251470988 0.017947799355591893 0.017765837590035798 0.029655541873738145 0.028387548400611987 0.023560313566343142 0.02554126891515501 0.023355682984956168 0.03670756055018366 0.021026322834787954 0.02775520652401876 0.025078688096218 0.024526992604299688 0.031275902917025936 0.018955431424496776 0.030667041969040965 0.0028373777910206278 0.0013902204139113067 0.003326508718214141 0.008713134360013535 0.0043546195473523315 0.000618525473629919 3.234982370957246e-05 0.0023272772830331646 0.002775040113719285 0.0011856626130902236 0.00505425807100072 0.0016992407428555291 7.730910562632682e-06 1.2097768636382606e-06 0.0009828041769398205 0.0017877957865785154 8.602494917490419e-05 0.003370321959179565 0.002039932381565023 0.0023559858068823722 0.0040945621151442435 0.0010510523801436462 0.005983547306292852 0.004235219649839371 7.070105235770533e-06 0.00484103843137645 0.0058901877523287625 0.005532774310627337 0.005791540522727222 0.0008990943333001984 0.004669586465855614 0.0012908808917788017 0.0007317122791830339 0.005294049420540074 0.0036489608788097994 0.0003535207113475971 0.004728691743142446 0.0018895562366804085 0.0012088204741546884 7.38678638575045e-05 0.0031640511418755094 0.0019871725555652983 0.0023465651305967722 0.002946389351842489 5.8250189078601666e-05 0.005678657048962449 0.0031519834676534144 0.0006391268794939328 0.0028562163207994087 0.0011851467758047722 0.001105432614600458 0.003466238693594675 0.0004309280109254854 0.0009290635747901918 0.0028212400960903527 0.001298523539478615 0.0008997037070877439 0.004180572618376466 0.0015777917093838857 0.005686143136609834 0.0017543528376955594 1.5533002691081287e-09 0.008547098514007005 0.0010382727677457615 0.0015888500610287157 0.001207135973341528 0.0018329977963271883 0.0002118795207522119 0.00037180766187431283 0.00018374247295679312 0.0011541239453905087 0.0037872381400481225 0.002155832378995163 0.0004806463433028203 0.004408533580737106 0.001339409437295436 0.00456000455787925 0.002999941819817372 0.00018431205831414345 0.00041330989227269035 0.0011817910141322932 0.006318973177894332 0.003539327119589601 0.008144198659830786 0.0041922880150191385 0.0011297638727446207 0.003073553322077958 6.91486905237192e-05 0.0032312513282929983 0.0034456820909023775 0.0015335341141135617 0.0021082687947452453 0.0013201504834250135 0.0012647732273101495 0.0033788595992671954 0.0030807882182114646 0.00419062661013428 0.0005319483819325318 0.000698374389703771 0.0020975656335530963 0.0012252949728126768 0.00519599291740895 0.001310175881572182 0.002192368206946997 0.0032535382631883364 0.0023586011092133134 0.0040331660948585086 7.989136258816573e-05 0.0034263938920402748 1.3403750981950832e-05 0.002981079423024599 4.0167846154156585e-08 0.0030729241086263357 0.005235182435648504 0.0030117674475740063 8.274876537987823e-07 0.006035382762360415 0.0008909162226752316 0.0031027630838700426 0.0029656009492211597 0.015350942400350282 0.0003750171059365763 0.0022602148255838235 0.0030516098462871565 3.4420284041822035e-07 0.0010537412227523124 0.0013597434572916805 1.8844223639984554e-05 2.2128907203576192e-06 0.00260842490774676 0.0010175796452921882 0.004615164499161832 0.0015207239403878094 0.0008106747095210178 2.0178602672556997e-05 0.0018632309002185876 0.003683831748225443 0.0031425663511782226 0.0018237536217119634 0.000254960384206509 0.0018294887663214813 0.00024491956498220617 0.007508155781768989 0.0006250989050790293 0.0025929925406914245 0.0014685808642032408 0.004009140427467225 0.0010486079399708807 0.0029312578428192606 0.002551804628707901 0.004717326598612141 0.0016586376202342035 0.0019310404088441686 0.00034405368944168005 0.0011103526533941949 0.006672033009531649 0.0057835378187450544 0.001522020993244982 1.5838431127166007e-05 0.002792361157961263 4.022806297579357e-05 0.0030753537628854907 0.004539707233283673 5.983364749402625e-05 0.00022647496782891852 0.0023984759790218147 0.00603922242784034 0.002603371541539185
0.00860513570636675 0.0008183614635687308 0.002616175233771266 0.003127059836015268 8.007506927706718e-05 0.0024612876662073024 0.002740326375162296 0.0020538531260411446 0.002742393970912159 0.0016789153908945 0.004567478417405217 0.0015045633523067935 0.0006452287946587882 0.005806628338240638 0.005591387850821235 0.001918082027754977 0.003271820481086977 0.0008182201129998651 0.004463029224291431 0.0016943325906362073 0.0057870961037276274 0.00033347571003884935 0.001650194283994935 0.004364589441000955 0.0055870888392473145 0.004528121653162983 0.0006502978664580724 0.0022015066980211845 0.0009700554872430034 0.003995460051062097 0.0027598590858035395 0.004915317050343249 0.00016450543481201404 0.0015772435792500686 0.0037280443487380157 0.0015921267597865801 0.003574071202591986 0.0027999297417510586 0.003496358365654759 0.0024002469649121775 0.0007842690779087363 0.000710349662054756 0.022694088756023856 0.01821989729192032 0.023487468329819405 0.03577147169217219 0.023869987811107517 0.024897844103457367 0.025157252810316853 0.024967440508661974 0.017366597877437658 0.0256810182972542 0.020288710669618987 0.02675043877899956 0.020353604676920885 0.023621969486930496 0.019284372650171647 0.017225427167250125 0.020391771395024693 0.024831257165456394 0.026644756151969467 0.018084625406366493 0.026121665131475114 0.000931552954445093 0.0019447952709200494 0.0056976212419474195 0.0036473556120262844 0.0016122564462985216 0.002247330511926563 0.0026747590696799568 6.66542879307495e-05 0.0013390175848664592 0.004799058118683423 0.005819283517774179 5.678590165045427e-05 0.005611083461285415 0.005740468989263401 0.004342744723533582 0.005796194526548041 0.00017241304982856646 0.003229473825893855 8.201263724231647e-08 0.005288176911982811 0.0010933521666258682 2.504467998617709e-05 0.0046636709667977425 0.004564378522862509 0.005033454462562738 0.0008495096189858532 0.002758764272844381 6.242295365446946e-08 0.004721480884374443 0.00581376620552819 0.004171145639848918 0.0009100007268043981 0.003415003182547499 0.0016200551695504735 0.0033351601249503593 0.0020698291745031598 0.0005487995260008329 0.0011239452710476816 0.0011342755611133068 0.0030301894117381978 0.003893094750885561 0.003133745804919135 0.0030528336728810864 0.001931809023416818 0.0025502595971322647 0.0034475104854892412 0.0010592422530981548 0.0010043423390379768 0.005354696973196565 0.0034847191900531033 0.0023255274568315426 0.0035614555920100584 0.003660310780251933 0.0012724378219202666 0.0016442042816712686 0.0022053130640431805 0.004361861847732308 0.006998014374508641 0.001442473267914451 0.002295499895854772 0.0001003124806872675 0.002354881647050053 0.005307948981695654 0.0001581939580564234 0.001780780863078669 0.001621138905398931 0.00324350629169321 0.005204237801221296 0.010775519293005624 9.657907882148985e-06 0.0003638794815203569 0.0012830900153263062 0.0002361818338355388 0.0035673815058512737 0.0006765900358610422 0.0006607866565065217 0.0021990723037136153 1.2331168432852539e-05 0.0022388798580243703 0.0011655740682416861 0.0039054795146488976 0.0059237559306439145 0.005571797349367611 0.0017268594015144448 0.0013464313283143628 0.000768677692810711 0.00041587749029177337 1.4192466087422094e-07 0.001438733801616383 0.001497532420813462 0.0004447951194429618 5.023929603015517e-07 0.00013917230550570316 0.0002738166902242196 0.0014463914101909357 0.0017599168838647926 0.0020646346149538167 2.693859564366422e-06 0.0017401892581807561 0.003996024902086569 0.007681222306036252 0.004469682194514888 0.0020948128056750112 0.00499724081562432 0.0028747441196699253 1.413408618634741e-06 0.0001980287686423066 2.77930585479594e-06 0.002401721668389394 0.006975321863335864 0.0015104743035616313 0.0037047972050355572 0.00649230341129169 0.0017968694483135072 0.002970792934541036 0.0027000602420505513 0.009694148897966316 0.006645976425888242 0.0006821874488738773 0.0030166154880137716 0.005137820129112162 0.004528613218376502 0.002223570269541297 0.004463065039149234 0.004848843041241486 0.0016984581885689336 0.008303529329988967 0.005269278233575258 0.0011777939991084662 0.003595914843457164 0.0001467459153281933 0.0024586889412148523 0.0009701977513111705 0.001726581940578474 0.00031291522856591086 0.00023229571749033089 0.00445200573796539 0.0026118570436353523 0.0024853326331286565 0.0047982148259755695 0.0024197421425179166 0.005538432371137441 0.0007011047544447791 0.00017221353196105024 0.0002492511433708891 0.0046092247109266035 0.004469169829755333
0.007157763268373713 0.005435359624254577 0.0052503878786761705 0.007590787610658944 8.98183444193262e-07 0.005070194127750614 0.0017794489547224809 0.001363082476683968 0.0012111691429661383 0.0013607829575522999 0.0005106673586677349 0.0009654766299358935 0.005253378520150122 0.002708564825452116 0.004541072189186219 0.0025376660161821434 0.0029299749302896584 0.0029488240786962674 0.0013815713342553728 0.0017636139966500622 0.004753670996489653 0.0010553840459527125 0.011733116654434357 0.0018410515961152746 0.0021002003261282286 0.0028043181700843026 1.4263020874135068e-05 0.0008940266177627957 5.148699602621351e-05 0.0006244596016516445 1.4087602724738808e-10 0.0057677235555066 0.0005699051499009633 0.00037938912402558597 0.00166776366957411 0.004653866660970863 0.0030389061572796846 0.003989804988494937 0.0016740004836925477 0.0009073855559043923 0.006127263263301119 0.0006956929971908689 0.0026132193423700233 6.254475939113178e-06 0.002694714844854292 0.004303556437133212 0.0003445483470138476 0.008435195302544133 0.0038031640522363324 0.00024355373039367656 0.0011155175300825997 0.0010077841105812443 6.707922743548014e-05 0.002372941444205924 0.004659056582027285 0.00024670465253435526 0.0007546304786414986 0.0036587599204249126 0.004242972049473127 0.002243606406404303 1.4430937710319126e-10 0.0013329452685845165 0.005825628247277281 0.020397140042480444 0.021215059823445275 0.02663023584182408 0.028736381335864113 0.02264782728699227 0.026133420736129585 0.024783221824354575 0.02891837860123712 0.02393234778178092 0.026714179015128358 0.01708935753893101 0.030928857417764685 0.02183619272502592 0.025388745605539862 0.028467660651982307 0.02065965777621971 0.02598237292951384 0.023403909522454518 0.020684439381517636 0.01676842633226525 0.023138042606995923 0.0030313078039863237 0.0021093090656636843 0.00037602427297299445 0.0015200017499909745 1.450894328470816e-14 0.003417340131926593 0.001212742264587286 0.0009876110802633112 0.0023255515196250434 0.002300629893924199 0.0006541396004756409 0.0007176690572962747 0.0038573359338183906 0.004555941904730421 0.0069659346467738584 0.007135468515342243 0.0010988764700478107 0.0053754095293710846 2.4864989397751886e-08 0.003677409529439942 0.0011455074371750594 0.0020106010000532754 0.0036082120566256807 0.0006476178998411752 0.003964218570585313 0.003730680870464275 0.003993249151417655 0.005109711177385098 0.0020392702777648664 0.0015102201823117489 0.00930038277611874 0.007061823145797886 7.762575944449946e-07 0.003221477818809993 0.0009655238209181723 0.004773932320415328 0.0002469751420979529 0.005153089579043331 0.0014521686819327527 0.0018940451045311502 0.0024135882923421175 0.000927141716518265 0.011589676174572731 3.5288529743471857e-09 0.0028997403254279494 0.0008504046831065569 7.862615696271362e-08 0.001522211030099021 0.0007223648983487316 8.213563644366315e-05 0.0011513690794083817 0.0034525891310511103 0.002490052516091606 0.0006477389445091734 0.0006740643603645744 0.0038986714328853073 0.0018190725014704564 0.00019031068058276241 0.0022355216758778306 0.002141534618942726 0.0029264739809768884 0.004455928620196601 0.0006744287313529971 0.0033179403175138 0.0032821083635606258 0.0010988392830992594 0.0021375248528507397 2.2005540339281498e-26 0.0018259927761694681 0.0024915599788320054 0.007714686543090399 0.0001816031972318575 0.0009880734123473216 0.0015535960643033972 0.0038010134360679697 0.005753362679436936 0.002132658924215924 0.0011858572399556842 0.000730614090081581 0.005898880076495 2.3529321059836592e-05 2.2520109989798625e-05 0.001896240637124116 0.0040279689588309225 0.0038878278556969876 0.001989008555541342 0.0019511359934895488 0.001742739129709987 0.0028150642873425746 0.003295832112302633 0.0027639313879203116 0.0032571151891803906 0.0017460864671898434 2.6209224023904268e-05 3.539011407758823e-05 0.0027702175119597243 0.001394905942647459 0.0033900109725135373 0.0033407253566990836 0.006913955558545437 0.003762484042680656 0.0018450752049015545 0.0011641348569012507 0.006695337457571886 0.0032905248433451875 0.0067463058724552515 1.0214734192631652e-10 0.0017753347085537618 0.004092150337173256 0.001466688832800033 0.0042208898420057995 0.0004433204091223796 0.002608421760388407 0.0020835994204499845 0.0031911683205231205 0.0033434320519217806 0.0011895151172311024 0.005086319517645313 0.004429430581387488 0.0013883871945115345 0.0006650900790691255 0.00286611037728135 0.003055493579189407 0.0021812642552941665 0.00810143842576234 0.00047799334818625225
0.0014771126506857616 0.000919191431469882 0.002702057662685766 0.0006193193365240509 0.0012786094719083763 0.002271170254346781 0.0038214834112021037 0.0034757454192520854 0.0007630602793809616 0.005354624000221427 0.001998821984724606 0.008701573369563858 0.008366090979078117 0.0028162623098624555 0.001780153003865348 0.0003418214171571978 0.0009560747113544372 0.0017371514602424563 0.0037764654421410058 0.004199010495267533 0.00393965841069942 0.0007174732779752315 0.0019036497360604085 0.003638810997526448 7.387426240659018e-05 0.006064682693676544 0.0016009574204797123 0.001207236104474325 0.005621620254974929 0.00020811954699006518 0.006701902130219346 0.004276468828801859 0.002044021383326703 0.001059397197321195 0.00034260983580850494 0.002740767568142607 7.97696401658905e-12 0.0024859751457615878 0.0013859555493599988 0.00011117439808783332 0.003573518882006649 0.001142184493853134 0.006152569281792772 0.0018948873262437267 0.0020583186111484283 6.805076283371021e-14 0.0020870951655816896 0.007846966607609656 0.0015478654599045954 0.0034416354373764738 0.00209841769404722 0.004166689897265863 0.0040171171601574044 0.0033786772688818925 0.006407726839513105 0.0033415041592402893 0.00018912430549468837 0.0033428435192784656 0.00031520801716236006 0.0032271343387167135 0.002274705092525706 0.005188095578502848 0.006097987551938945 0.003475351778379032 0.0006183719808572843 0.0063210257633174605 0.0013572585977535347 0.0002739492175661771 0.0013336513005373523 0.0023162622535175953 2.2783054805076644e-06 0.0011362880037752963 0.000488975932631747 0.0015846603812542837 0.0010924319363986032 0.00162842389474502 0.007124464232674173 0.0006220920066504564 0.003460940681921373 0.00032300273471331674 0.006375717508853288 0.004364928699165193 6.095242717621027e-05 3.674180436407756e-06 0.015819609236460933 0.017659694814450403 0.0261471861150156 0.033451208045195344 0.02170223634652852 0.02339438566362535 0.02069116079569583 0.028301318814614482 0.031452719697941466 0.025331611377422993 0.014174264770273226 0.02248614960834919 0.016304029586859097 0.028810996494943862 0.03303031240729459 0.017593523725699806 0.025033083696465074 0.023473855234350083 0.02526303900217521 0.018914687678364475 0.01871229227212615 0.0008466916141219057 0.003158598973055005 0.006697836619520849 0.008213360202539096 0.007761305687908002 0.001507694529720108 0.0067746334676418545 0.002143476882079654 0.0029554991026609356 0.003154061949210429 0.009676576715181502 0.0009717759829321566 0.0011325775990587623 0.005621849131081725 0.0032056661641396153 0.0011679434460115867 0.00019050676844709977 0.0002921280253223499 0.0035677498002016973 0.00226653950678171 0.004395648690200179 0.0012682432369866474 0.0024549755427865673 0.00017316993911138776 0.0015616537336781448 0.0005794597297104445 0.004758071772307754 0.005759777357765186 0.002616642952146235 0.0007230765908836461 0.00016993086852773147 0.003727014959037333 0.0026170973998616864 0.0012385876235101448 0.004682195793246512 0.001467652589968903 0.0004676129049197213 0.0026102115909651287 0.0037589729718887147 0.008878463383794694 5.229235439458534e-05 0.005231603007653376 0.0033418110960737944 0.0035683171239450197 4.863322593665055e-08 1.114458455288854e-06 0.004636440854840866 0.0005813019014392139 0.00023302437857661488 0.0018836917168818478 0.0018449398120663053 0.002851826434552564 0.00029019201125384496 0.0020598467844461245 0.003693023247678668 1.1916055273714515e-05 0.0007175722918854312 0.0027991356349560655 0.002633166869902811 0.0012791959453066722 0.006898177120566432 0.006185927085323683 0.0014102054953961096 0.0020086618249600206 0.00359710717693457 0.0023197183150022184 0.002270578070324199 0.0035219318466660383 0.0027309557292978046 0.0004953502119367337 0.005995760047171477 0.006771885566433441 0.001466025036520952 1.2231219156574852e-07 0.00027540062315511716 4.904260751446176e-05 0.003907766989181559 0.007044009130578095 0.0038537508260485034 0.0017014906177520645 0.002845171482762315 0.0032069520994675352 0.0018211128201992618 0.0011327228907584848 0.0 0.00441440586460465 0.002472440525949419 0.0018195117556287178 0.0008574229277405738 0.0030926879772042635 4.735006876229627e-05 0.003521828197771368 0.00499063403477359 0.000941662181139806 0.0006435600164788402 0.002638872003534604 0.0019451220505453443 0.002778313028495772 4.661993888748153e-05 0.004036773782551815 0.008911033558034858 0.0031938814248852424 1.5299655081932684e-12 0.010228325918876643 1.8426737693293783e-06
2.4835849576966e-05 0.0012519732717082288 3.114167453296124e-05 0.0005906352716312463 0.0016622579379795904 0.005213381263121122 0.00534110112146028 0.00842835980397762 0.0015469803463578065 0.003407611000362438 0.004364680385234919 0.0019059885296748135 0.005171926805706952 0.005123697158742285 0.004282166167176586 0.0007856648558509381 0.0012766691056763594 0.004859681447152557 0.0029421986472783416 0.005540850742387088 0.0022570885652364245 0.0020989290782853086 0.0033758502617482577 0.0024876502691026257 0.0028465910089287352 0.004796041864183917 0.0013260337179272687 0.0032406811798480627 0.0020288511542262536 1.2734231085604581e-06 0.0013587657599186036 0.001783095157218884 0.006733025886365574 0.0017069258483510524 0.006406933400450814 0.0009065542731507047 0.0005072962523926155 5.4191863229304474e-05 0.005774535919117019 0.0020438839493741937 0.004366395811482704 0.0013788789299787937 0.0063475351253179995 0.0005829898368399366 0.00022682795146736432 0.0014579752339903356 3.703417392440273e-11 1.0644165878866565e-07 0.0008095798719692714 0.0008631788363044321 0.0012144891752862504 0.0047098187445612635 5.603879428525327e-05 0.0001836565491264661 0.005572041779826594 0.0012187543604097579 0.007775591139788274 0.004092801940125929 0.0009564603641266118 9.209791753244032e-05 0.0025420626645176417 0.0004791296531746406 0.004130870796058486 0.0033826378204692576 0.0035018809588779824 0.0024205919156119874 0.0020078274585937504 0.0006175505207597121 0.00013998456451867785 0.00936023859701142 0.0013846073200920305 0.0029994721131428844 0.002162693544493719 0.0005138639993883245 0.0036547763409583763 7.188128926425783e-17 0.0024520454663009856 0.002405143704246089 0.00312987540587261 0.0034990896690208 0.0029694094833450464 0.0014462427525687286 0.0009630359477225332 0.0017566904669957105 0.0003568325188670485 3.296137620037003e-06 0.008599910901886826 0.008939225034564523 3.0510723318401805e-08 0.003189128088875785 0.001046431362514807 0.003545670841012452 0.00030526284077286034 0.0018465884436232782 0.00258589870625638 0.0031117860113907166 0.007096619723017445 0.003237573050193558 0.0001110966386909462 0.00017853743929473602 0.0007615469748700202 0.004254523314661353 0.00280651707903189 8.650239564964234e-05 0.0006107064647525127 0.021994102180794443 0.01904671960138436 0.02306022408957988 0.023580079073451294 0.03103610438548786 0.032670376380503324 0.02735967025815138 0.024616075532230938 0.024087912959142137 0.028841032017511557 0.021438769137947282 0.03169970884721001 0.02197807021701374 0.021699831316511403 0.022613789949418983 0.017963393416317773 0.023752391733210438 0.015671113696614704 0.018925954593150364 0.024282431089376885 0.026783589822974827 0.000937304808353182 0.00035077107536413506 0.0037275715183145057 0.0023574618030600476 0.001873461523368644 3.910398848610347e-05 0.0058710284909336075 0.003656300181007777 0.008863638886965423 0.0013147840263422067 0.0028777790704351018 0.002479120993968053 0.001586552857455149 0.0004918244742145886 0.007402172919160391 0.002834145533031781 0.011364945685661163 0.003054221744293041 0.00567529528331332 0.0005176410940803726 0.0066009896720949325 0.0021291824530717453 0.001339955328764834 0.0037604458034655864 0.005377302065241306 0.003153038478224034 0.001827825309741795 0.004010170571180863 0.0013858456431075001 0.0021270259177522247 0.00019964099961961704 0.003276576257895652 0.00034123821131671294 0.003142186126236491 0.003705546146299606 0.003685566422167468 0.0009431187525338139 0.004070625704096357 0.0015914759315524762 0.0017183476530250338 0.001065395050056145 0.0077365629521713025 0.0032130007936559154 0.003992020612782142 0.0011594464544600219 0.003548920037439017 0.002298868582601859 0.0005060193358547347 4.763126620328485e-05 0.0010050095761018746 0.0008850819742485856 0.0020207662298358364 0.0018439347285994312 0.000643418348413261 0.0037076078689310507 0.002379599467435275 0.0007915879604851313 0.002524749121355634 0.0052102368526158556 0.005638015599247679 0.0026998303749418257 0.007215293392254502 0.002912658784850536 9.417619088283919e-05 0.00133070819102502 0.002183889162044077 0.0006407360649934126 0.0025210081396307474 0.00114063239181608 0.001437216250778269 0.001550566589127874 0.0016686230140842504 0.004655601697221318 3.3058087511388353e-06 0.003944002349864444 0.003341686577902247 0.0040589669270551226 0.001858653574077429 1.2555506254141266e-08 3.4361252728493836e-12 0.007483031466155577 0.0017459399145433405 0.003917362354021273 0.0006310310084843909
0.0012627419533600384 0.0023727175319207157 0.0031142402030462832 0.002321397569006139 0.002872585033827976 0.004327474546933854 0.0016069064401393154 0.003904586238269819 0.00402475184039637 0.0011916580306231043 0.004671163581718979 0.001595106877690111 0.005711896967814399 0.0013653583813841945 0.005402177485460129 0.004104732543589324 3.403318953724413e-05 0.003260654656690968 0.003910217613893872 0.0003453449088731993 0.001266305653568504 0.002140251593879647 0.0020799816411869324 0.0015450432020736248 0.002653558822690373 0.0011849012458178408 0.0002365609463030675 0.0031830984037494593 0.0010871930537549642 0.0026151126830714745 0.0019292709608482127 0.005346523381537537 0.0021977821255564733 0.003293980793536666 0.0015694047695094689 0.0013307042691633772 0.003087806504215926 2.8636952458811573e-05 0.003051287653668294 0.00220504440258848 0.003008418999300945 2.240400405324862e-05 0.004411292621530126 0.00018950433197397777 0.004965180025448676 0.006000235929325349 0.008849124028535884 0.003652019239865409 0.0003281509893798273 0.001170383489727888 0.0018261863959687342 0.0015696279058941777 0.004481538493400538 0.00013186124956849238 0.004333202531761644 0.0007513768970935355 9.539741474742963e-07 0.0014878505834510138 0.0007412332687824311 0.002907776011625123 0.00012879806152535294 0.008260391463109482 0.005392127464463858 0.0039500191765303085 0.0031444382198489084 1.701760134956936e-05 0.0005608789845752921 7.649259327339348e-05 0.007812469140683032 0.0027451184662703283 0.0002580074974286534 0.0016362893447864784 0.002993738818908146 0.008853659653862849 0.004610178703854191 0.009129667590160134 0.00282566850601271 0.0012463850080924187 0.002282236876493977 0.000672552664189317 0.0034073787585892894 0.00012368337677299277 0.004721363231133046 0.0003785880347232673 0.004171750822970498 1.2235569413089241e-06 2.909002062575469e-06 4.873762184656118e-12 0.0019134394655207297 0.008003457459551793 0.0011020821115226276 0.0013347055353083084 4.288906662465473e-06 0.00757456799279375 0.0009396256733625962 0.0040349865215380185 0.004239185386411405 0.0003008609237447299 0.014113075783509735 0.008145554400318222 0.0014344431905044515 0.00041653012878191316 0.0013799497624473783 0.005001247613779528 0.0013681447820122782 0.004453633523255713 0.0018432519268808422 0.0014058091818931636 0.0019181076031695716 9.976902445617729e-05 0.004487002632430044 0.00011718905385275334 0.0017558946550488412 3.0578982364250586e-07 0.00391167564125724 0.0024020526211778843 0.000663730587170011 0.002922528871550843 0.003800410005630689 0.002355020828599457 0.0004065411637508353 9.740222021560754e-05 0.00037620739576328053 0.0035628483664184927 0.0038154289559323095 0.005299852303335423 0.017844806034804882 0.020244002180990334 0.018789510078142415 0.0345422750311075 0.02184574717986859 0.036011982195758165 0.028669272810448437 0.028105415463845606 0.023579645832180533 0.023843297358360067 0.022514536557562855 0.026582009132072433 0.015239792549673484 0.030513433695697513 0.01615702251415836 0.03653794560840364 0.02778396460314906 0.01562636544960971 0.02053469521121831 0.017310252677950184 0.025506352445585353 0.0024848758846657947 0.0003362967687937475 0.0027596720052274065 0.0010989671292831959 0.00183156522136071 9.270061897250405e-07 0.0005672535355183814 0.004611770251723095 0.00034098447004613826 0.0060634182210623465 0.0029531194001235954 0.0015682044681980024 0.0034628810500862747 0.0039770657653095546 0.00012387789832180715 0.002995226216949527 0.002227440014778402 0.006265575809595512 0.002276491268775087 0.001137352953519059 0.0030577437871750655 0.005318943163001847 0.0015724862434512727 0.0014494749095460325 0.002122240623021266 0.004706954295866809 0.0005002909346742227 0.0006019853606772858 0.0008643335889841461 0.006852729744137759 7.271379770227798e-05 0.004705566869595922 0.006126271362932947 0.00544918527938758 0.0006909736026559413 0.005416050081154678 0.006008004680815966 1.4892327693873603e-07 1.8572428487634584e-22 0.0013826998960892554 0.006103686331175208 0.0028666421567265 0.0014234121592420685 0.007325246269450159 0.004135654738567508 0.002232882781348134 0.002412351910749788 0.00012292778174637377 2.4615570773218047e-05 0.0025636456124663093 0.0005075903673420344 0.0055255576982574574 0.0033758485798917313 0.0002647471069968583 0.002170723628247646 0.00031020062287597113 0.001165805806860934 0.0002936952213863629 0.0031531699870324427 2.6465176146309227e-05 0.0017011094811510287 0.00039761109858432606 0.0034679665816620487
0.002264812827787952 0.00442079683330141 0.0024005950009649986 0.002909600371204554 0.005907234130747812 0.0031318620199254823 0.004347722650681597 0.004705810744383038 0.0013009080916283485 0.005132619144768703 0.0010678774432390805 0.006578103683559854 0.00041863286801404194 0.003588495431474374 0.0034787653544024596 0.0015325578173504399 0.002190675747114251 0.005098917721605315 0.005290347036049183 0.0006575934840214966 0.000613279418994586 0.00167768538869919 0.002656515547363657 9.51558028584753e-07 0.0020330526823630498 0.0024099648670654365 0.0014400356851545 0.0016222939150434944 0.00023215002042064337 0.004197725015038902 0.0005521298426388151 0.004588070082691111 0.002869266724579133 0.0021438899697816785 0.00498615510021892 0.000754999240369362 0.002104123206174825 0.0054215106789341945 0.0019075659514807353 0.0026874930097967606 0.0032142484244508016 0.003508373355284735 0.0016684697269318473 0.007896928325566023 0.00010408358956028225 0.0018145568626506726 0.0010374933940576663 0.0012807326461171064 0.004660232689282612 0.0024902670618687965 0.009402455378832112 0.005064185724575829 0.0030810547947364543 0.0022454892461316214 0.00011490234582352755 0.0030154207979520057 0.007432861931498295 0.00032960715310356427 0.004609199832111036 0.0009456064233558584 0.0013038824195402482 0.0004351362874549922 0.002933695238137196 0.002132916896677692 0.0015569401331387543 0.0022906433751191794 0.004260788846082714 0.0008879010083962455 0.004672953956626067 0.0025911709066753466 0.0057611413606043285 0.004479940113023382 0.002046237183785976 0.0001938175800767333 0.0022077667345596877 0.001089659855492572 0.001182808320803102 0.002322458453820955 0.004863533286990375 0.00030379669781612986 0.002505216481920483 0.0019760657233629415 0.0008320886847676391 0.0017842712406596411 0.002021549686076027 0.0044776409483767605 0.0024146867023643707 0.0034304048642169152 0.003085991235404906 0.0017993734498631681 0.0022323175692472563 0.004830345589843816 0.002120795862252284 0.001487978119068769 0.006357565289345025 0.004628296036328339 0.0003616457204586738 0.0021017672438557186 0.002353953031974709 0.006426454966857142 0.0034025308860044265 0.004680775110357519 0.007104026250715151 0.006890130537004379 0.001113589217698373 0.003734260522039346 0.00023166118801163336 0.005452689955327844 0.0031695946705072218 0.002279215159194186 0.004729368608836877 3.43901391069206e-05 0.003086984021633013 0.0005923623195660563 0.0005594283427134584 0.0019128826930435142 0.002156421503501991 0.0016946642871672414 0.0020416647893703307 0.0012734364374535597 0.0005152018304228146 0.000732138424378651 0.0004871952586103399 0.0011018768342826628 0.00412223030744536 0.0006939543496551883 0.004311567360873495 0.00259484456062169 0.004160425963313289 0.0028936341536480222 0.003936919079029941 0.00011915396417637154 0.002524387080598093 0.0017496369087902136 0.0012037802088158379 0.001541790330804709 0.000304884962807896 0.00048677497255728843 0.0037393176152495542 0.00013914031376433916 0.004448237133446782 0.003654160142052839 0.010642067899641224 0.002007293396165278 0.004338552774919754 0.0010893445334425728 1.5185422396103939e-09 0.016903921920733717 0.024771944199658707 0.03217583879229205 0.03390716050914248 0.03182022639071024 0.024572595260441584 0.02078861287038517 0.027656753855114145 0.023418458634623333 0.020197252754838874 0.021853289785293033 0.021211416584396115 0.011723843425769018 0.018664759691314106 0.018993230202673513 0.025011982144583042 0.021460843825788313 0.020780715080487577 0.024390439123212145 0.023722466392295673 0.024353345717837854 0.003251099202143268 0.010776013288272124 0.0006157481625630125 0.004909653072803533 0.0003868310395403351 0.0011613070531428995 0.0012388165383235357 0.0021779928420449053 0.0016426232386720242 0.002894030354865986 0.0021225835158208673 0.0038747742151804755 0.005027105369064841 0.00018824302216281956 0.0017134954927713604 0.00234390754333043 0.007045830880715969 0.003184579855202674 0.004404072658034513 0.0035495440969096946 0.003076319652979956 0.0024658605258726534 0.0036141131335146997 1.9471731647889377e-06 0.000390229222763076 0.000980267255433115 1.793016067152817e-07 0.0034365840671181846 5.978680330263863e-05 0.0011398101067750532 0.0022949188608947573 0.003369850901855407 0.0002166914659746752 0.0008958548557126094 0.00027377182638005766 0.002385230675725982 0.008916938682169275 0.007312109816000284 0.0041391204899249015 0.00028266701675339734 0.0015535639555116622 0.002643693978081732
0.0034342443732631868 0.0024715283473424653 0.006284488302395846 0.002620348191518358 0.003729856579704169 0.0015552947641388072 0.0011243493011669652 0.00015743977395204462 0.004518453457480975 8.947042022760805e-05 0.00015557631338990413 0.002951991171142358 1.9151491614254335e-08 0.0010215710011483956 0.0010074396930254048 0.008927124831361086 0.0030822108534602397 0.004478800968513052 0.0032499084726505542 2.089569979796423e-06 0.0004229040717314061 0.005697189289276211 0.0049532160308339065 0.0005575754503226052 0.004087545859446731 0.0026290976660957054 0.006626595060096885 0.0011604646142694952 0.0009023387149524363 0.0020110498139560206 0.0019649777634576995 0.00038403392001320563 0.00282948518326981 0.0003084838552162768 0.0013299743050130652 0.004809739618641458 0.001635146503261652 0.006520480425514701 0.0005113413509860728 0.0012818815950091634 0.0035354640651644015 0.0038070940228551215 0.0032150576616196327 0.00552976505595161 1.011784779384175e-05 0.0010482155296802464 0.005759481800976048 0.005760737013397549 0.0009217238605827092 0.0029305373252716473 0.0002405096167284584 0.002646110808040294 0.0038773948413660265 0.008700320637008954 0.0006956015981234363 0.0003892277208170285 9.847488264801022e-05 0.0053494707713688545 0.003616338725238234 0.0015213002190304344 0.00663320772205612 0.005360226364306391 0.004080825262604144 0.0035483832526389133 0.0072644755300078296 0.008119352687021549 0.001700512198855654 0.0006988188211698048 0.0006099627586198559 0.003093443579007905 0.0005326557086105618 0.003860300277703324 0.0015434276105172036 0.00012158875648228949 0.004263623317784866 0.0005338443703722679 0.0031981796339980943 0.0022675327532414146 0.0010322691497725617 0.005445355153676068 0.0022632843535424453 0.0010936887075610013 0.0020552749255350637 0.000800785074177513 0.0032442439872383084 2.6087939004006132e-05 2.028223344154965e-06 0.0037727657084861365 0.005409783349329359 0.0036255531395281374 0.004181944142204832 0.004841091845161755 0.0006494728638529645 0.00017892939474829677 0.0007271360333408793 0.003533674701369748 0.002308255839240356 2.734384218152449e-05 0.005369557662901959 0.004542676878179355 0.006293617438397441 0.0003359087962419481 0.0017319654837027179 0.0002960014323589649 0.005929219263485688 0.003590455158496321 0.0006432834817963185 0.002148722913438115 0.004683989413759296 0.0036206102842251614 0.0027747075695950117 0.002217427796935474 0.0030735065884264145 0.002217651794322807 0.0071019997828553755 0.004607326375384882 0.005006352889206834 9.221873981362948e-09 0.003879097166640847 0.0036891002322433602 0.00277859219983867 0.002321580576430445 0.002057745761824548 0.00021798607834251085 0.001877222242620936 0.0024994445935966948 0.0006717433477018813 0.007479070092680234 0.002791810893876368 0.00026242938466692077 0.0006622474511679195 0.007988357241319322 0.004821080147692349 0.0014569856197187755 0.0025254744898755904 0.004967898026552984 0.00015221427591124184 2.12429000449539e-05 0.002711733675068004 0.005979781429080521 0.002722223594936518 0.0019472267319014225 2.333102278337395e-05 0.0005045589859728577 0.005021278366624288 0.002257025257693947 0.0044788554547586954 4.35032414073532e-05 0.0027427387684889537 0.0018538659806374984 0.006296272723859673 0.004209882987415865 0.0014234298081808189 0.000249947788132861 4.127179618815637e-16 0.002284160259757645 0.002299615262208845 0.00018648453119741272 2.7863444463005714e-08 0.004220439771183225 0.00228985047866942 0.0004154560317821178 0.0028334689020347624 0.0016310382326473916 0.005768945298090841 0.003931508916332196 0.004880690351627697 0.0003590313825671929 0.015252806620745109 0.02438280699727621 0.01634885487343037 0.02297807897864131 0.01537575201551846 0.03064495957554407 0.024654046756289325 0.026048788893282406 0.016364034748321286 0.033774166912368495 0.02252827249449984 0.021571980294591477 0.030303415458451437 0.026330855997419918 0.024724329747415126 0.019546501135849367 0.029050210330384563 0.028566723573387232 0.022841340044589785 0.025745314270833746 0.020740665214177507 0.007022687932958633 0.00011199316068318191 0.003168997348638405 0.0016957412648212356 0.0034119576469868575 1.8024149315976655e-05 6.177752296071777e-05 0.00023229749295018378 0.0017176013706815764 0.001294908016370057 0.0027193317449518916 0.0003357575494885974 0.0011504155878313805 0.002673549447858929 0.003409877019787065 0.0007420714657844174 0.003196814808530016 0.0008738877437579729 0.001730684733779141 0.0072289839495118914 0.0027680494518446835
0.0020969734215105476 0.0012661629998407208 0.0006368046568805472 0.005373566773696477 0.0046200491186549515 0.0010565099380828123 0.001331581597583876 0.001695959435988389 7.32374085186507e-05 0.0003158482191622997 0.0025929155099830383 0.0026531865884059807 2.423431609007248e-05 1.5038157578908637e-05 0.0034901018614323077 0.0013571169228129623 0.0004056603636810265 0.0051705408605970055 0.00487837510147641 0.0017444537476541178 0.004402311961052944 2.3789623597037154e-11 0.005406067666301648 2.282625087641979e-06 0.0008204007187420656 0.00042548768685066933 0.001950853800206739 0.0002359473909463479 2.3379703328847554e-06 0.005540165413852483 0.002757113318831592 0.001073656039068916 0.000736076348945799 0.00045039520802783663 0.004784762046501903 0.001641999798696321 0.0001508890050953615 0.006094675880197682 0.0037023647823866126 0.00018447708357911057 0.009359829620228003 0.006497169963194119 1.1403055147419555e-05 0.0011488394054115386 0.0070641953268189926 0.004375942600732126 0.00509446956246882 0.0004259136867530718 0.002372312577833396 0.004845542624347907 0.0021481146662363226 0.005747495857662606 0.005233188490615208 0.00288085221793043 0.001491781166314264 0.007322755885511956 0.0022362743470400455 0.010635571269800389 0.00016167508215785662 1.2885084181028769e-06 0.0022128081499125643 0.004654100237989831 0.0010827118969119894 0.000567727579667645 0.0015369745219143344 0.004048285760967255 0.003825539625826705 0.0014720389539956604 0.003926831722599191 0.002101730696934739 0.0004226925872890573 0.0035526161740341354 0.007053036278521982 0.0070238888937474405 0.0063681001046696824 0.005984085488985387 0.002601433313200292 0.0017900597428011642 0.003576956245745025 0.0012019770013600415 1.9039043245017517e-05 0.0017736827001581567 0.0026027900607625784 0.0019187443858448463 0.0018800581358313767 0.0024560712374555654 0.0017319320584254548 0.004706134581989036 0.005193116358520978 0.00806671306488328 0.00035984802929364494 0.004014506310018785 0.00047820286001700797 0.004496676665932226 0.0003954801075825519 7.252226229723731e-05 0.0029970518838195468 0.0006236224949878322 0.0004732380777149462 0.0007891650279272265 0.0023487397065716795 0.0007668435799499583 0.004812459298159883 9.743984330980668e-05 4.3274296417669794e-05 0.000733620176801787 0.0021067852567870503 0.004031586597212963 3.3432190761407648e-06 0.00796414445580479 0.0024619752173225154 0.0001531693353124457 0.0007189043076060295 0.002435417680344738 0.00028629979524990386 0.0028974376067366944 0.004058798664589498 0.005853916377692842 0.003209333462584813 0.0027896959632156054 0.0022431598687303322 0.0024003506261673275 0.002187315144436098 0.004323231444738203 0.005869976114472712 0.000357676980698523 0.002147796605301531 7.07271458884194e-07 0.0004330833604369441 3.0600541918094173e-09 0.0011976043386795674 0.0016101193940910139 0.00402110190404686 0.00041115106652634276 0.008008811724843903 0.0019576015566246698 0.000533293013971031 0.0037315658832832387 0.0009034067134959223 0.003014465010303811 0.0019087278518274166 0.0014529835012207525 0.0019805212873144386 0.003910463420204985 5.940740223342015e-05 0.006156588571920729 0.004988190987080223 0.0038014427456161924 0.002500360371061055 0.0012974622647493413 0.0022721546924232157 0.0006388376710437653 0.006698144488366371 0.00017844104349412987 0.005045053989386923 0.0006689322411181905 0.004369332059336309 0.00446459257833084 0.002385949959506166 0.008047170737083413 0.00015663540845861735 4.9967553289082195e-08 0.0035681424891500888 6.381773068186605e-21 0.003613942001544846 0.0018200199594015337 0.0025034738946881217 0.001794719229964842 0.0007049725237358272 0.0019342806566356482 0.003905524596135334 0.0004922290660868193 0.003692866558139923 0.001271730226074665 0.0010672152315114628 4.649809051196793e-20 0.007024187384452421 2.3396517851178163e-11 0.00020695331839397016 0.00324818163259814 0.002932470700548731 0.0039029799954362334 0.0011037526748278285 5.722459443511339e-36 0.0007554527518216997 0.0059440072170363015 0.004850215797344878 0.0032916166213659017 0.005627329672091021 0.03178845452599395 0.02708610247099489 0.03115641118730541 0.016044761678410555 0.015718643942879473 0.020835388260170482 0.03191219484381763 0.028748654048209164 0.018030769727569042 0.0233273859718888 0.025053643017552543 0.02522047368300819 0.0205758504431748 0.030747042932855614 0.030865936181328213 0.03087649858117179 0.01876695237087999 0.0187172103222276 0.018292788665394695 0.021172650659378397 0.023431485094438487
end
