alpha 
24.867530835894033 1.4787715680320512 3.5065347297499834 0.07486892758718777 4.526588693793892 3.966530789094396 3.1853903496962284 1.4730900919049144 0.15409219009628605 2.549611979821157
24.20431235847692 4.774238815904792 3.332894698666565 1.6958699424629287 4.170209338791216 3.2168414686526425 3.5291694675883334 0.974438939656691 4.472686483718848 0.30950786894729243
23.11344246477289 4.22916498338288 2.0992444959380974 1.6420126129036017 0.1024759891530852 2.405789755205281 3.104909110652038 3.5566616992527065 2.2870576168974814 3.6939043050804132
23.023668683160203 1.3797228272160944 3.5880914935868597 1.4586741877373162 2.0007065603002268 2.3869457892919046 3.59897814802783 3.9340792702436462 4.549428241438578 4.131929504739161
24.516897869592086 2.0184390572170194 1.3670577134202415 3.379420888285555 0.9893661290967792 3.3601310442828405 4.140008901787379 3.187177480439913 4.145647184102363 3.7412915023392195
3.8932157451200395 20.422728463053645 3.139074875819836 3.366030055752866 2.242390913760979 4.338851866817193 4.961931486454729 2.9859085597581423 1.4641674559851292 0.42512276289592865
2.3003292248528284 20.829398766807355 1.3925527319923536 2.7593801103541784 3.324490799687733 2.871251543373929 3.2144552411165552 1.396371393604371 2.364430091203506 3.0770339950435193
4.906620896591206 21.166325406033987 1.9144869740281412 4.111993862018932 3.5372873247869125 0.19046135531628094 3.43731825486717 3.5125967558539206 2.039263351592955 4.7277259480718925
2.5164036146538358 23.646129684944565 3.599459996451639 1.5910552697676228 4.372953443599309 3.0011902187397865 4.9965380273437985 3.2636427550377127 0.15688885401596797 0.8935408168962861
4.9514271920973885 21.66312248498002 2.0003282260096906 3.747051554260119 0.07547952844020378 3.007000703912381 4.456239657244801 4.43646094287539 4.9347365530614 2.996347542759363
0.7011364052269503 4.898742842984511 21.266754108070526 3.3638161951445222 4.927354122684184 4.038359906298849 1.1916132227630916 0.16426078375067377 3.8357363476535573 1.1672035508432854
3.5368194542645814 2.3185252177408118 21.329803792846924 1.8877932770927586 4.794390516051598 4.739385697629276 1.8350778274310753 0.029863829416190146 3.010052579711051 3.0814943412984883
1.1438215233096694 3.7507823760957413 24.703988622769298 4.393551123948204 3.0132551553191766 3.715098095890315 3.926195004679917 3.2993625358556216 3.9487697731218665 0.266216590787004
0.43231284683935167 0.7503024685621118 23.55732708192733 3.9347925614432384 2.842669029669716 4.497302010978239 4.023103330011338 0.16943852865435538 4.362624804148478 4.903229606860907
4.609923597821791 3.2197811605774884 21.206543426232123 0.43050173895509414 3.8161394609035697 2.004914380785202 1.5458735516809092 1.8005691900803056 2.652982843526674 0.5650077106095258
0.8905471325754816 1.3305829531916773 1.7541961578828698 21.421501337520322 4.6122254885858744 2.0950166689936696 2.668164613710065 3.1028432980964604 0.5757926522116202 3.5796139491793513
0.1759013465541459 4.78530260804746 0.33414776076594543 22.55743658328398 2.8814297307010825 4.983173380863848 2.5321368662115433 0.926081936332746 4.787467415452792 4.462795154585923
4.344413582074468 4.991121134663757 4.473028516822433 23.724947063916026 3.456762549533316 4.224120398528681 0.5298106162927702 1.1636164145443577 0.3770537079628389 4.752959433803369
1.5353331477832315 4.549970254007604 2.2082037863794763 24.07751012613929 2.3642390980268946 1.838006841661464 3.9860044403565227 0.4248920501273107 4.932261317254267 3.2318894332396053
4.778894492719224 3.8747315586717805 0.9133306855186135 23.330137537985664 0.46254903158679916 0.22404002766261366 1.234484329798713 2.364868432977989 3.4808023694726113 0.6840222797949164
0.8760548129109241 2.5808767759392115 4.463279854449212 3.025066211273307 23.08759435366681 3.5011200214956357 3.551594702695668 0.2939047420786822 1.3772980799208168 1.7034225846172935
1.1392471772036161 2.7424306257381783 3.0112691072389213 2.6700518108245888 24.841552819202658 4.146821016929458 1.5880676234965723 3.3315164317747854 2.200612491794111 0.18663895738021352
3.0422454730805217 3.3445345583351074 1.7099970158859645 3.032808053630198 23.553341085328547 3.6200275583166253 1.7190135933967459 2.349950698961071 3.221342454803095 1.1330351402334504
2.973184989875817 0.5200102569386583 0.37957586012305367 0.4047162444163094 22.994712136615213 2.817340250463725 4.782867388549553 0.4329621184024762 1.384491953642553 2.2836554490611123
3.3547031447040925 1.8407873079086308 3.7981310872993945 2.211644850259917 22.39187472993819 3.241807345910603 4.410839866134997 0.3413532879316672 1.6250211840103685 0.16264934728167202
1.7448391778464634 1.5937421862164296 3.0225150068709135 4.487166241659763 2.127486679875361 24.787208724619532 0.13239489439734853 4.076929422938727 1.6806385823663217 4.963029414164161
4.1886257618827765 3.2311428874506563 4.670910486365468 1.0588602402915597 3.710120758057668 20.57397026116092 3.2088997988603656 0.7246185946786371 1.2117965027899524 1.5417594411074016
3.1764662980463862 0.03655935356462803 1.5543922680601425 1.8862575238141228 3.2777687417401213 23.822859155366352 2.0621841649009576 4.7225786193536825 0.279826388651091 4.41629553983223
2.039973290269932 2.638343650794515 3.0697096632197556 4.99816499636368 0.16321646960521297 22.351479304930386 2.7520305943206216 1.9489668449625452 2.7045662896800153 1.058198242334087
0.4704603748132252 3.8316297738107115 3.9899169015690945 2.1863195184989963 1.7987796894561325 20.56747208621737 3.331663637131057 4.384165851904583 3.157893678971713 3.850168040142044
3.331104101065994 3.259926087346005 4.263831655145674 3.2714404606305365 4.323734727948523 3.6641648503401103 22.199896401696307 2.2720389033397574 1.2755518920955933 3.0605390561059505
4.691497727079504 1.3712537902859916 3.3043450073104075 4.206108918700182 0.9940980312123515 4.860959928258052 20.104854788984223 2.9616342546937084 2.7128798476799405 4.891691472303301
3.595542068975763 2.703810155749568 0.7657702571251973 1.3751731550620288 1.3321939232527575 2.0298318442582355 22.371855462949686 0.8527916502743882 1.21377685250948 2.6231794227374334
0.1436739855365632 0.38864862371000397 1.294577324558202 1.2132436925084666 2.2479813607043475 3.6764004536625365 23.095324344408347 4.507527168983328 3.291952705382614 3.230443636758125
3.457287505105153 1.6864456748469647 3.6293853522261688 3.263077744800402 1.5631381260253359 3.546414629717617 21.751636692025055 4.226785152276818 4.73089813182442 1.3337808359268473
4.292319027432631 0.8537245842468666 4.284482407457283 4.2091970038835 1.835033753084479 1.3891985210652358 1.1296268941287202 21.447068019364902 2.3242092280224775 1.168902866811432
3.8904975525168526 3.5497873994594493 3.3519298548898173 0.6542338879180454 3.625672074019028 4.064269361090108 4.068561704975979 21.448368607760756 2.779561610352813 3.9999613915154657
0.24060917055974074 2.735393673117677 1.039888929492943 0.5258276424257058 4.015754851738996 4.719973903517478 4.692145799318271 22.022772337209123 2.89832293250822 4.0144636842409485
4.0290933566197795 0.24145691104074218 0.6627279683597692 0.2666339022075348 0.6793758377791081 2.206445467203803 2.540338228672763 20.147726010908453 4.713939925288053 4.18375906548691
0.6672544359776583 0.7895168744547248 4.98845812046704 0.5915343655235922 0.807887821583258 1.9290905361154893 1.3083318690393853 24.36636563030737 1.7361721089378017 2.137676871831704
3.0844004120805035 4.060652538319506 3.7660145086940737 2.9456857885878387 4.6654516646275805 0.5036396164067752 3.3438538244262843 3.680986238530038 20.068086583987654 2.9261907480304714
3.928333550072505 0.5737376510101483 0.8623462653854463 0.3699203288572167 2.7734874063577704 4.615456036403513 0.37159965425345776 3.3752884091301842 24.350324310282268 4.11949102504215
0.8935354253668293 4.158091449912898 1.0731576737729476 0.2804009861509582 0.14076280906296534 3.807455813882266 0.18811831357887943 2.464350555309054 20.586231384461385 1.479690784246865
2.4479442777245697 2.674323084116632 4.9565668626990895 0.1859554821206516 1.1538873625372386 0.4779850563247995 3.942155110070601 3.435010163774429 20.932294736835818 2.4058064719338996
3.124942705008309 0.46167503203656923 0.4404393094730702 4.134806086314039 1.8349915466716904 4.18878618981515 0.3473419062808736 2.179914860524892 22.722529667416595 3.1376670600940573
4.310570163514847 4.869824904338134 2.3047604889127857 2.119772482813371 3.9552808128453782 0.2094841511511758 3.5647349248814675 0.11513338676825413 3.068280065036006 23.33084742271258
4.055472723117865 0.20229395563251484 0.281945104353416 3.352345456644683 4.093341851054179 3.53034790699858 2.3327670931589033 2.8762388219614436 3.4181573548408863 24.001088682543127
0.47398989328161334 2.244892218653876 4.579094960227455 3.638199113728309 0.16838148451764734 3.1202563114644875 1.3804534231208647 3.881932698223669 0.872886034681063 22.45948396728476
1.6960497378814972 3.75490692204379 0.20963677842059658 3.606381365641918 0.11857697500138875 4.722469613046206 4.441915630965189 1.5995510338609091 3.5032500241172637 22.667615589485866
4.094112810451117 0.41070736102589267 0.8376370967511498 1.7296487889130385 0.4318052437826586 2.9789718170661135 4.012001339024382 2.2293638969215746 1.199419551601832 20.092848987578098
end

beta 
21.241130699983728 22.064738714864465 21.537087651220876 20.06840610878759 21.077090432325264 23.558526294463128 24.365130230120435 20.735433426943267 20.100152397516695 23.22739391280247 21.80274093871884 21.829751998760866 22.074497606214496 20.898935552562993 20.185982295522273 22.07179345461271 24.039699239241997 21.02705315070969 24.055750356684555 21.233064771759626 20.060629076244215 3.2368959088377096 3.932333525788379 4.008679138293697 1.1220282347913924 2.103733174837186 2.1993409195422666 1.642209438039196 0.6404690888098186 3.7925080954934733 3.489831537450177 3.846740377275826 0.7007387658329695 0.05912947132162838 3.07830768699638 4.175013072752102 4.88343479069366 2.470713547285418 0.09116996960672696 4.078167295053338 4.398986313819525 0.5158714485999721 0.24751352397135606 3.0011812850419344 2.866682452268372 3.1347717533488906 2.8003670534255813 4.060511174704477 0.2814725049479927 1.3634975399874576 0.5316893651225024 4.188985119240532 0.04682845639228883 3.1076519010952235 3.7434840828139215 0.4958248329063192 1.9365683005556082 4.867201949680003 3.5399738875868096 1.5291320268015918 3.9571009655585216 3.1359500715588986 1.121692032053239 4.888632474908438 1.9197824613433716 3.5815068231455713 4.34146182761282 2.3690971837140933 0.8727753439108343 3.956393148575013 0.6107909897164249 0.07498096386551023 0.8155138345193319 2.5185678499286794 2.9219101362629014 3.5690027233590733 1.8471200493024897 3.033647925597815 1.0974707709911669 0.44821327575158 1.5878588275967402 2.4730669940618206 1.360205728423403 2.468318684727764 3.7786172247058465 2.9792295091627614 0.575864564741066 2.0098300339214603 0.36782344523387633 0.13093405845621908 0.5482907069763093 4.450978470740162 4.266036267108706 2.049210848096818 3.512162131270178 0.5943715381933035 1.4974695498849604 2.836503606667951 0.20185796081006124 0.927620852782356 1.8498369207429655 1.185646820895598 2.6797444980506007 0.27245498112176025 3.369234098656648 4.898191230218292 0.4649633385523144 4.713216611892635 4.515699877954189 2.4068292027439044 3.605497352016531 4.445654088547458 4.965069269574699 3.949783448045368 0.30053293635152356 0.10801641624171132 4.970853494384399 4.813766339637344 1.0827636000035485 2.231146610292049 0.9883132163368608 1.4110927994588174 0.1811827858211179 0.6238101135033169 1.915893631386976 2.009383569066803 0.6048009105850793 3.14266037821302 4.370908595076935 1.6364624376427788 4.270873051673807 1.3752646054833573 4.283288280561099 2.2930392447248353 4.912992567667963 3.557300418043663 1.4263969522545712 3.12292678123384 0.4136984821620171 3.420077050900765 2.8324987379264304 0.17757589850843858 2.005799829780085 0.5262778293536924 3.489417455111445 4.961931926666589 2.2224902184752136 1.7811902194122982 0.9040343990369387 2.631138498087383 4.811849514224657 3.154969055118598 4.117060795742729 4.326281970549617 4.963670273598834 1.7468968751436975 1.9724105104544405 0.2990006794811606 1.419851522583726 1.1319065381183475 3.2193576421138075 3.608827055952766 2.992972652842619 0.41243506145102415 0.48598629269164806 1.098048000733482 4.492813540877201 1.8047880264865794 3.4210627996319287 0.23667265232368062 0.888098647944579 3.8755828727902832 2.7065013683486896 2.8744945520734526 0.2804493798681612 4.98978620697291 3.0843963304754367 4.919632916027577 3.855542472096249 4.457062882542339 4.094150303458313 0.15610150632128672 2.138070714405547 2.965681127182793 4.180943235911646 3.7726101305125406 0.2226112421512999 4.897218250632386 0.8956560053144114 3.9178736059522707 3.4090941066323683 1.1097675102864712 1.2795316554673564 3.646578662790621 4.067297730448905 3.538344270678937 3.38532711514213 0.5269827134200433 4.0162033946360225 0.8039701535774318 2.6797333490610065 4.964159282178558 2.7654659205709993 0.880427535994911 1.5285188286460616 2.5680425734947527 2.4124072935776604 2.880121888590867 1.8181411892975357 3.1411998534357184
3.501475614751926 3.5993645926451197 1.9187558491030499 1.646854738585115 3.356222706796996 4.109928135687303 1.68610506466127 1.6375894247818064 0.7950359854986166 1.8106373742385495 0.20188580745108486 0.7652410156064482 4.35616002545749 2.1018882154411416 1.770077115693112 4.806583723396695 2.968752108951689 1.9586240349684454 4.276825665353441 0.10147512269905012 1.1400519235562383 24.35941657638356 21.704622732698002 23.18810092185747 22.79110025386225 20.87131180896296 24.211799214618004 23.543282139422033 20.02286438593186 24.761645366922025 21.90642123929591 21.27864645134214 23.03903381119556 20.65643326209112 21.52343897987759 24.402798483971157 24.121984928891848 22.121861185425892 20.44994100079196 22.60049377722481 21.94047686741642 20.907965182283743 1.965465946917862 0.6932216168652022 1.3893964944062542 0.891985500206468 0.8906816051471389 3.7969696584599895 0.05934455356516655 0.12783862499040066 1.6602635175258473 1.0212666539106119 3.3844375743921606 1.9436340957281222 2.1648737473319253 3.635336397655671 1.3136749382542985 1.545807816887561 3.2328561719613687 4.787397380425549 4.890978296710005 2.402275122396854 0.2825781523101323 4.124568230235061 4.610510888909761 2.2773459515418915 3.5623149693404703 4.222401506325366 2.670116403135893 1.2253093448910324 2.2079670620137493 4.996226466344496 0.6526981453295105 3.6248347983544997 4.0647591332319974 1.91144543124675 0.041473068946047964 4.177495358358155 2.759557843469352 2.655265540056698 2.836972577353954 2.582387710797971 3.1841052574949624 4.125153129653498 0.30395884662343386 0.0026208485141260285 0.5939986286245091 4.104362387469852 3.1677794673335686 3.936689522125667 2.246446478635386 0.9188995116672749 2.1279066988506177 2.9978800399410535 4.19406468862887 4.45475675401438 2.0344527137038497 4.282351897518021 3.4317626584776466 0.2972206774130598 2.005916303576783 2.8694933437550487 0.6047212757550002 2.4785809105618553 4.792612222313608 4.622938767640479 0.3224408524729572 2.212344095067682 2.290844396659603 3.6709120059990017 4.308639577545877 2.959725447070494 3.918253941708101 2.3579811620117592 2.7744367626036626 3.478734483086188 3.651767027972428 3.07744477806625 3.4758620120550954 1.5336860243678452 4.371469455742513 3.454094355239801 4.745064977229096 1.6795008115840948 4.344114604290147 3.9879716219834767 2.7215093897595546 2.0779422434993915 2.863682260929866 2.7904869067724776 2.2964572058349573 2.0447048749073793 2.6677473504050924 4.178823430229295 0.9579529169398032 3.4873066668748804 3.4491403464514714 0.8173977525879134 2.506199719726994 3.224407011146191 1.4653698439274647 2.1598345688935 1.2336172965892205 3.339636939620503 0.5999163406742003 4.799638924751581 4.264901342636486 3.310654083330134 2.7918375868682825 4.436745615689127 0.5269357535622476 0.7361110780099367 2.015388453389837 4.405009095930872 2.764788036240992 2.990408203112405 2.653609554496112 3.2173423808537116 4.587838464557464 0.5661235638921286 0.4353415683317108 2.6848937780425115 3.9776987988798505 2.922639282879091 4.824471223027988 3.802589852149527 0.8858459278071484 2.9570807374186554 0.176591036304527 3.9717440129839376 2.7835450158251263 4.849073360584914 0.8816146810432868 3.1468125997510565 4.9867977897689775 2.6643055096650805 2.2085626712279645 4.800820006676109 2.9173877698748694 1.0833930095314248 2.8596336336506445 0.8246012728865992 1.4206144054009568 2.3569990690695013 4.038774941129107 4.701442112167243 2.099875174072995 1.5885308141502925 3.533305494997511 3.0378830181400907 3.905313660933592 0.3891417689003279 0.09644336209453874 3.220564123754584 4.983678108572888 3.9228274918217627 0.4895413204038901 3.032745271184079 0.6091531138956929 2.374810867509839 2.382579364253774 0.5261125097904806 0.324567877801093 0.5964906460801822 3.4200228177722543 1.040534836365945 1.0735166113322392 2.274240716130203 1.3407417246520204 3.7691903237085054
4.297347664561274 3.1022258442564867 4.901686071598245 0.3731967442171996 3.4388768457832333 4.521088697067477 0.735228113390583 4.864561882619119 1.0533075806072911 0.9633219806509702 1.3395871663379133 4.9151450901054545 4.67642539985636 4.919244459762091 3.057143754424894 3.236365890680728 3.7482322004469126 3.3305460108490825 3.600628443982721 1.3152547333883147 2.7862837442354604 3.6908675055338147 1.32286775524747 2.2755685162363175 3.653204673699568 0.38779284194721597 2.649912766325123 3.801449594688759 2.9139939560784396 4.699961517345902 4.803912637721878 2.5662961595271465 4.048118555123868 2.2651076137049393 0.8367951379795024 3.604848266836317 0.9126103383082929 2.5144116819439075 4.767028724325107 3.990952105903177 2.100942096895853 3.4222114624751923 21.73146382143552 20.078014660065328 20.974278195432216 22.794079981593693 24.715744121964658 20.62016257560705 20.870483167980037 24.007619332526613 20.207998888288575 21.673239451557354 20.964824570685565 24.310851171184876 23.579954948163003 23.81616213209632 22.56884392819804 20.045755603141966 22.407038305602743 22.994208646764513 22.06355422517812 20.97892235171057 23.639057992831965 3.4748489675480636 3.647827691152897 1.4380269416396403 1.078150644204443 4.878144812088896 1.4694353716851687 4.823935485706955 0.8290681564700281 0.40822246767666825 3.9746677715666223 4.657175052238908 0.1408137320335373 1.8606246888097906 4.668371703710156 0.6235981066843205 1.296227423674401 2.7662739707593014 2.2288159371626777 0.49325408453912756 1.4751803726919106 0.26251403721119726 0.14147351419328325 1.0862460582171192 1.8832585422999055 2.967634174249663 0.5857756817261078 4.80997165935113 4.820417244036916 3.5309140943833297 0.814127307067834 2.317710533606454 4.437848773076921 2.71638483661825 4.830362137898126 3.492875166670837 3.719939273294695 0.6554951136250536 4.465065572849454 0.371366761161791 0.7199247053849589 1.770098287195233 4.845048655602662 3.110395935145987 4.154135268935567 0.33625544419622344 0.9564388383037309 1.8539855978221798 2.9465531468396886 4.503415328931384 4.943860563781724 1.2766430043629557 2.420338458894888 0.7710097622426421 4.9211636898578455 1.9399737600721578 4.730561173271754 0.6620871733714107 0.5532624169161926 3.683479126174249 4.332672877563352 3.6873864767910454 3.132619920860837 1.9969406897591047 2.933169528091932 3.2261256599384662 3.3045913204898665 2.2716144939658167 1.5582382242165649 2.596490078159819 3.0227334299117903 4.632092191360819 2.4475628581455626 3.0342971173714313 1.4292719306443602 3.5939128315034474 0.024372520171764278 3.9976847443697494 0.8609460559058163 4.163327483090481 0.45187693353109515 0.860644769058026 2.3591624449282085 0.521068599107829 0.6942677492196558 4.993367556850354 3.5484996383021987 2.3874621857847784 3.5329503162767444 0.09820545425259786 4.625004334087412 1.1459595316913633 3.716630423202338 3.006782185079624 1.1400036850653394 4.06377789872749 2.971018354070764 1.505885716255101 1.1370401212029608 4.681925583015178 2.312335623335369 0.2342795731095304 4.4748748692906615 4.902021395979382 2.0517373582184284 0.5534730232194401 1.636534947948069 1.200507067955407 3.6860306562542258 1.6187677299918741 3.181832460498659 3.8061169375775123 3.438234297611282 2.0299431279498954 0.49899386133717805 2.105715143873163 0.27032688963271934 4.76538166206102 1.4984649153030816 0.12443192521256752 2.3077629357495724 0.24095066210084393 3.1791889474854997 3.148469753118437 4.245995795156775 1.0546568517280719 0.9096070370975062 2.0628350477364163 4.0661850142795535 3.14687842174864 1.271902088279715 1.8819054622646958 2.099337891027071 0.3646222784747055 2.5096305033364157 4.88954258085338 0.7066542194351033 2.777454806240401 0.6069222754335063 1.4016103935724251 1.6517382509377971 2.3922628657100353 3.1845005723891315 2.3656014140802357 2.4980344983505502 2.5203962256760337 4.7603341848656715 4.878883660387256
1.2976554071751267 1.1968047226328016 0.6389548720704036 4.724775560051159 2.087822699072934 3.5048534630237387 4.57313566514788 3.353400587069384 0.11230743118864128 2.0782069965343264 4.642743882510069 4.220284702187068 2.1513492505858944 2.550992719252123 0.3094508687240072 2.9127207792581333 1.8920388711564595 3.361475461052024 2.79361640821922 1.4852733768172266 3.042891179834759 3.99843165335464 2.713513155202093 3.8715596607436815 2.4139978545106304 1.6400746683454908 1.1554704236268836 1.3782709428713402 2.996177553991374 3.6878101243763646 0.09458212533753396 0.20561593179979964 4.892669360404911 2.738079117747736 0.26174373148661445 1.821234439108731 3.1344391444856265 3.64360283079979 2.1343064453241105 0.43845943596851233 1.9778950026027586 3.168377713297557 4.824024857663939 3.3344276607626644 4.0027425916602 0.10231121854854419 3.5721580906480432 1.29404486157277 3.6784629058483684 2.573916249779955 3.9124491443089404 1.8444069804245877 0.24619159709605154 0.2289301650422193 0.36977734702724474 3.535248391889732 1.9697257462195639 3.2815315854867726 1.083834060034658 2.245818094806731 3.2299964879853054 1.4819436002998798 2.0210414479583774 23.3032618884129 22.42953784650986 24.285792051085746 21.319338802726385 22.54828882471261 23.723860708881276 21.939076570737225 22.992371150643123 23.893604800639743 20.827536727913582 22.581046589452097 20.600282664718563 23.836455696200293 20.807677042033408 23.17314712219133 22.194764754560936 22.512599107527254 23.76677479636348 23.141231759279552 21.286592415493754 23.4997992218996 4.027572603394872 3.917633001677146 1.9490812349990856 4.128381662184855 3.359063452700733 1.6086975705511826 2.8226422014033705 4.903173591627848 2.3506864860708006 0.537507926955435 4.7004452150107925 0.7873184683576107 0.19883409787814776 1.2348231863224213 4.25233623177555 2.2850747117991856 0.19079596845346325 1.7962310309715346 1.9682366995492178 4.573394593983235 3.489726489502302 3.16303586627052 3.755030708797465 0.8396356343485478 4.542416205099778 0.7431697102691892 0.4147035854415687 2.2323311988702894 3.8378815819369576 0.7829603471276553 2.471731252215099 3.4917070996419453 2.2192751314487857 1.4982704175501054 1.6594549748234728 0.19778974748300093 4.592068875724742 2.2610583073848654 2.0313380142246547 4.218961573915664 1.2865359220044477 3.8347155630938587 2.0360584367994035 1.1838789507131575 4.315981529598264 1.519742878344705 0.5666791353544315 0.7896827599197603 2.618376498768586 1.6072358473977073 0.9313744100724114 2.842287162140183 4.337476462987233 2.9633976961489616 0.7897566458542143 1.5386318616455226 3.371680994842814 1.1697254175178666 2.412767573885965 2.922104595236795 4.530698452450005 1.5636088934022752 4.619062387767724 1.8624746202425668 1.1186326559757376 1.6238984449533878 4.304524033785115 4.011138522835157 1.4626024180371715 4.30803611248362 1.9122477125979975 4.953659878691569 4.6684130309513625 1.0012390572559293 3.1437116031304306 1.7586345468548414 4.708039249680956 1.207994855645903 1.6304078101327861 1.136359404437917 3.044785321055647 1.8445327926151993 3.9129942165024008 3.511427544499701 4.634348686664547 3.1365385915810178 3.3069122827119672 4.594882067877532 3.480817651141562 1.230253810364711 3.544402416274555 2.08090069244764 3.587376395966978 1.6017857261724278 1.4623734155323094 0.3089989508154828 4.9369404840739906 3.0043369436543657 2.4061127752314104 4.239736477865974 3.103690577284312 1.4501290660621513 1.5390618126002127 0.3613893153455694 2.093252101190774 2.3912066456299264 4.966418363583807 2.5539824316021913 3.2688743261599837 4.941781256358147 3.740481514522086 3.7871343874998207 1.0630994734083854 3.230264292724085 1.8175143766944613 2.3660969983203906 0.02549227945886967 3.0730783860688122 4.687889805657888 1.7167675232004713 3.9957066554236196 3.92824006181401 0.856731605179677 1.0509558240821222 1.231559635393224 0.011736460551751704
1.1846951359663682 0.772823428571498 4.785272311835883 0.7200816163577356 1.8099788838024073 2.3250466389420072 2.2631604815662625 2.8425107196428723 4.844970699435996 4.44323042155265 4.24563413907322 1.3362731517514292 4.765702496539209 2.0452155999243695 2.905612401701751 2.7939640477371626 0.7594594221834461 4.0601466952208325 1.8873058366852535 4.452543424899166 0.19068562716570092 0.5940376472851483 1.9414040874478855 3.984293866875533 0.9870728088159897 2.6600026020299943 1.8138668196400847 2.822785596194905 1.4288125119886201 4.51606394120878 3.8652712513889926 3.8830372273753215 2.204721126521516 3.8236943469791123 2.5436760113357764 4.626009059144874 4.465767849112259 0.771190979580651 0.3997515603861507 0.0003187398783272011 1.0941700402696075 4.547502661565451 3.1265159343292384 0.48364468379882064 3.2474902866465793 1.9907680149471751 3.431334087451667 4.7073403524356445 0.03046817082093589 2.569719849380868 2.4289295559048334 2.4064707238755956 3.47655460611592 3.201042467083531 3.516588687855436 1.8413647477395478 2.509441107244674 3.9488549489065647 1.9534169305305675 0.07102185565999286 0.189746378855023 4.66461325117099 3.6790443185109862 0.849807008992966 0.43393878971404176 1.8409888265440095 4.580193779686212 2.9054789073092797 1.85275226512723 0.6196403848415888 1.6976120529540677 2.2736479306711246 3.1424648656660743 2.0037443137661377 3.8443454496471707 2.6377166434100796 0.1535369650455254 1.990014342613381 2.0782650285490605 1.7064358344407238 3.308421141819311 2.0939311060178243 3.2990502739005896 4.258044686505251 20.630441331661682 20.717808398580942 21.95867023859481 20.027609742823785 21.193767236034173 20.468525967606055 24.050254314023807 23.273375397126376 21.129446159789005 21.571107980791375 21.677089093855507 24.210667958831078 22.732140960301127 21.480849264541273 20.804681504008553 20.38759618819479 21.898100089916547 20.629454834872 23.813185086835848 23.882965712590874 22.359143968613573 1.304078699830582 1.0843829171246877 0.13692990019471885 0.00029162982551900196 2.114629960990742 4.410756376049644 0.3088163330618793 2.3113677341367342 2.514286039419415 2.75469447718303 2.638950646162324 4.856604694066099 2.2449172549018503 2.3604285366422264 4.342073909097352 1.1691287792485139 0.16056844234458523 4.408213852545862 2.62346105742526 3.4929782752039547 1.7622967000234768 1.7893945123576054 3.419952220720858 0.4691257251916803 1.9140933800584587 1.5957474404982879 4.946507020408602 3.4611296141054866 4.66464124164803 2.0302753118995858 4.719705597190496 4.217211335862452 1.067737149232288 3.204435077758094 3.3865916344936213 2.401637782605563 1.1629253352256903 2.062556417467489 3.722195527282404 1.8458440199226545 3.3210875671647 4.436127971539877 1.9868261594724823 1.0497795282630547 0.11542440334752602 4.270417058535387 1.769265145845103 3.361599917578264 3.918456891562449 0.8872360645220423 3.061701600097657 4.366013033405961 2.372854994523115 0.33373830512324676 0.7749235226345669 3.123406672969718 4.38388631058178 3.9736490476522484 4.1214852104380455 2.027602042285208 3.8354546804227856 3.6334888082946626 4.21640287441895 4.652744997281188 1.0986141449824693 0.03855757622992728 0.6990525881556492 0.6174810950749149 3.664626028558767 2.5116173530182784 0.8691953605987124 0.6616544493788568 1.2303022553932974 1.1576124793630789 3.487311200875598 4.624328877868985 1.7099812102812084 1.9368887937607866 2.0818675750374305 3.2546826903137003 2.977181633262396 0.19422345214443637 2.422556427808582 1.5507052990482246 3.5966264222962225 3.2997849154525554 3.6656712647715617 1.5655929345770014 0.10726675402355834 0.47054530478443823 3.5724944134150185 3.1095989394947647 3.186456285076095 1.5337791610915046 3.020704540674331 1.5022490027688506 3.2610295215341107 2.1085406905367825 4.585510715615908 1.1590601999031225 1.7095149809790022 3.158440051337941 0.9817033902550665 1.4031628946689778 2.47934960066454
0.5140786812890497 0.16060980005608905 1.9180916801324743 4.839608191006672 0.9853659868983389 3.138012796062179 2.898990914406187 1.5011430485034687 3.6377418370216197 0.8308844415893663 1.111534200168779 3.3722516470013564 3.2918083204462874 0.3694558622786437 0.6605834875610822 3.500155203562894 2.9039745578249287 0.8778262624833472 0.1764983693614841 1.0189841715201609 2.1369205799424384 3.6582929943805236 0.7708047541584218 1.694456914148521 2.054503434452823 4.450432024402554 2.9135134144390036 2.770420682508064 4.991046009493141 3.1363275813476656 2.959316255828112 2.6087326667856994 1.4193509229336565 1.359021080251817 1.5591384718753094 4.996834626415458 2.5756333157575044 4.104834279080206 0.7710473296749215 2.9675428170601488 1.2006734850749217 0.6661011598852162 4.121423605060418 4.928894054538858 4.50784707023667 1.7096694144871445 4.2061984100527585 1.7082815271239449 3.5978257754682925 0.31369419905210194 2.7041076320358566 3.2495153529692566 3.191579115054984 0.7679559050710344 2.1064381730988084 3.368136217894331 3.844391119409048 0.6222663611881601 0.7014308057504642 2.231641404224243 4.81753461237227 2.254343506427072 3.1930600787880254 4.929074731133662 3.6830467430424485 0.7797405571759364 1.9682165758589498 2.6753565334046603 0.45991048258783973 4.647367318032149 2.2224742991501816 3.807247789744766 2.693908223293691 0.44792172919422 1.9134772882752267 3.570529377066094 1.8261171955225914 4.628728074191397 0.28184916606529 0.4864197626182887 2.7322528324897566 4.900033909301322 4.344887848934595 1.7018672373362198 4.135715640543807 3.5057189663391415 1.364570851220643 3.035500815242933 1.6919449149526655 1.2064122034806162 1.6263669948482113 4.891752633772174 2.548628417013715 2.704136543809329 0.5783650467904861 4.756705901838081 2.3785080334688 1.70698347226096 3.1020424331528225 0.8190662732202342 3.1734919234963614 0.161273967038707 0.8170976086164483 3.7630279733421146 3.4959277589071727 20.474408330421245 21.806664672469232 21.540937723109906 20.142315946983945 23.95854677290464 20.774740445497834 24.834848701812774 21.23237100689525 24.78417024726135 23.33019139624264 22.234257826764885 22.342129426196962 20.210950571138323 22.740961149580812 22.036300860641177 21.032555697487297 24.90669387103379 22.630929909238212 22.987527752258824 23.337373516250043 21.951102199442573 1.684671150871195 2.71435253082465 4.620235346903539 2.3780162749672944 2.713832341423643 0.11916662564354308 0.9568709101118145 4.83009976852032 0.8284879240787468 1.8477969276938078 1.8688120763977927 3.7880805716296955 1.119454218118923 1.1033825522217977 1.159213556623568 4.950105913303038 2.0286896607048046 0.707051708899224 2.1385230624876037 2.849341526059861 0.9134048427746649 1.2251974720545733 0.7992920874051967 3.8453014789591795 0.8320226597935598 3.6237442704483183 0.7011901106305385 3.4304296557945984 0.5744150943685139 1.2696082947621645 4.658988681495174 1.6544335403301886 0.7797289535243634 2.0252729074636804 0.43975612422469446 3.6582870250558654 2.0871031159005233 2.1151285444933547 4.363249700763304 2.346022801030556 3.1894600217525397 1.3625673662008753 4.993180296578284 0.492940164689617 2.5427746769978956 4.014137762562324 2.138012312269844 1.3839639842933016 4.970204934954857 4.4787566122044105 4.2966258238375685 0.7233728055119837 2.8351492597651684 2.73583694030445 4.691511910414527 3.344105760363842 1.7780953796430925 2.5111999484691285 2.783796384119017 4.821998518070853 3.480893754510335 4.820104111135313 4.601306912734015 4.33485908278855 3.172548449471004 3.59751539734107 0.5480648878800487 4.7560735175982884 1.587054286664777 1.7805642800520554 4.985531012722694 0.8413541912440148 3.134758378824168 3.448530902100888 2.9209404377421953 4.3047068216859365 4.4733038101184395 3.718088346141376 3.124209884756472 0.8876319990752601 1.7145887378643394 2.8610683649447872 4.812552214093062 4.779825276573688
3.956467168953175 3.7320656612880705 1.6500873213906775 0.4436185819250271 4.777857240248438 3.9401150501979925 1.5312588503464897 2.5040593085512812 3.2897056106177307 4.403543530381933 1.769764530137787 0.2900141871964401 0.11522722314382561 2.2186509289471683 1.9470161663661272 4.577886717346189 2.005413317123394 4.438203320525524 2.8988552427774277 4.46304897067269 1.6686678206346421 3.864351175736753 0.10629733471627545 4.313607006563215 3.8647578216879266 2.5491157926799675 3.2654452541088705 3.362492381701467 3.7540653575855214 0.435481253608766 2.3983999201095028 4.116666214449848 3.9339904474313654 1.8516116207806825 1.0202009257000921 4.8772835395843135 1.49729356577599 0.34906045210037595 3.677397612144127 4.845352533042673 1.110006984662237 4.730922766872125 2.4619042469388686 3.720119363092222 1.2048395991903338 3.370209540109626 2.6859860395702055 1.1585062497383969 2.2370982888039976 4.424799737701763 4.623674375356172 3.512485727162717 0.5961567532276657 0.9052831354657437 1.5104543047369512 0.42599468015380004 2.2253153938851096 1.342505985258517 4.440108862234541 3.552698708599709 2.7146315498627787 1.5712277919687083 4.590236203010053 1.608731731477508 3.9380408035507397 1.211924418066448 2.910584504871397 0.7794513477997322 1.7765933266787752 2.9743722519142506 1.2131327839107757 2.6339901491353173 3.127541489192815 1.444006941502629 4.699607323038725 4.41230824432574 0.5472558340226841 0.3088776334765858 4.881653770276685 2.891209459929896 0.5114777215964783 1.8075296332321211 0.9722942404771717 3.8672262280487804 0.2741340463802394 1.2116503191561274 3.6050572867118063 4.363530104616494 1.0341739162530716 3.5419512158161877 2.939225186634953 1.41180949996955 3.349650946419913 4.327895640062866 4.618765576718077 1.7639198476823437 2.2494742909577408 1.9811752472462996 0.8860965667299159 0.43951612404878493 1.4415523120966256 3.8159357332640425 2.1902825912555284 2.5770945448502776 1.3382658725116996 4.173270508056989 1.927466330060719 3.055223377156406 1.7822594443974948 3.4963559090079177 2.8133168124637487 1.3482119521926577 2.571093542126043 4.7467421481199725 0.36360605458109485 4.675429685417437 2.7376512839547704 2.0180166515199405 2.619358607468218 2.3012988147780753 0.7418979444037971 1.0943536156524307 0.6363329045957461 1.9204046694541095 4.407020303993176 1.6971124392401638 24.016414394334547 22.890260333997862 22.67700572938424 21.53691663595175 22.44145238679371 22.702597390690933 22.440476919556527 20.678597480742226 20.40089149619359 21.06607785356695 23.906228165447857 21.451745787480714 23.295640968390956 23.05829239054207 23.445949372426213 20.794366757865422 22.990320388115286 24.3850616572486 22.007852025912737 21.545660854988338 20.988195957818036 4.447151500688359 1.0825424780698794 0.3208547733630934 1.6177918777585325 2.6026426692961824 0.9200905544761651 2.559590438646265 3.016978266575965 0.120390717173679 1.594033717279812 4.320782789332154 0.11765329855169482 3.6942311897618185 0.2122128291109021 3.2987340605648816 1.2618842416087261 2.2685174936908354 4.50152390366709 2.0172147373650335 4.462449885908942 2.1045683417427368 3.3343575263692857 2.469347435709145 1.0754429087520805 0.7420981056187481 3.654416976759448 1.058321375624488 4.77740107634915 3.6408956870410805 4.975702016646046 0.9479374758150771 4.9181159215781465 0.4376760213903602 2.0976128054634207 4.710205646504507 0.1260409018027353 0.8352802926343816 2.8649430715289412 4.768936268786391 2.972128457303085 2.8982466228828714 1.4487503232343635 3.9119316106037716 4.225230241525647 2.685287013402189 2.833424123277863 2.7999996227663444 0.027654914385790708 4.594842362019147 1.3453760685927691 3.6263023687097107 3.818934078510774 2.6538756031092072 1.0724216108613582 4.219996963639888 3.0168929135677707 4.010494673582444 4.164438736524002 3.597130894950122 0.46029283802542287 2.915123574314645 0.31096048122224607 2.623049204084862
0.27033908858745515 0.05856782189496923 1.5500628930936122 4.379602546322699 4.919058542029944 0.36629077576254054 4.047260696206838 4.80574397539839 1.2742062696927863 0.6606737375150146 3.966538721532527 4.034072833658076 2.9217299060918185 0.5197638576319885 2.3462042083873325 4.3466229342933556 1.184512516919648 2.572808238124421 0.14036980722406833 4.135590518954379 1.2806053405530216 2.571764344635266 0.6016468727729002 4.420700117822433 0.2400753014890289 0.9001783944944458 3.025514504815126 3.474511651984647 1.4284765979819647 4.765081292195529 0.268199214895416 0.8313985731743423 2.248356923558625 1.718703383549418 3.457697978143279 0.12866739747135425 3.6449467638182464 4.838685162848814 2.649100839625767 1.0354306262893336 0.22544659894075725 2.8158115102110193 2.46580448736766 4.1870207549412415 1.9072124220040458 2.3869168909903165 0.6608265497808374 3.474794272273438 1.0974394299359131 3.268641505602114 0.7049537030813785 4.082236783803878 1.055107950432187 2.8873969573022604 2.484373875270729 3.8014239135182466 1.5533857656526429 0.0985053587867607 3.2169513990122263 2.9332122112291037 0.871205313418873 3.1624347554622063 3.4108843585210753 1.8585976474063381 1.335164043474426 2.3409992823217096 0.2257019745155131 0.9522625518203642 4.1502199986342365 0.9109249692894505 3.446401558336592 3.9974945758855496 2.7169441445642666 2.6389007329067713 4.822825401889901 2.7392499616920674 0.5296575091487166 2.902332169512455 0.6001399878029062 2.657612705266521 3.6064245304863425 3.6347791427812295 3.902976838257253 4.669992470297367 3.6623874262761866 3.7743103020863833 2.2229350034443778 4.3800004065825675 1.08572647251113 4.99659732031785 3.76166964076853 2.0496213067625524 2.4086728859090343 1.2488620248629356 1.9279154297719092 3.107209543387752 3.8990067445812797 4.166702469829154 2.9486037640476654 0.5080883799543529 1.8157959785349298 4.0093359233671615 3.1248534105134596 3.354573030815666 1.5844717718162578 3.1001124328409935 1.2285965957895857 4.546719271103955 1.726881819138918 0.21201302236857955 3.682261453861957 1.7657128371418236 0.6426866276586674 4.459812554661745 2.1881156139919256 0.2422700163663466 0.8803947392992939 0.4425413484921764 4.7101850265081255 4.161142050525612 0.2698706179672855 0.11587573451592725 4.333887425556583 2.2461534124522844 3.16238867511808 0.4727183991409162 0.15623542546552183 0.116583110487401 2.676974918305694 4.564429442684906 1.7363242197740685 4.5963028248006506 2.709742399092325 3.7729291012540553 3.055422226791989 0.6670997180329907 0.1279225892456448 4.939631608522738 2.1425971704296307 1.343274432982915 2.3340230849084938 3.825113934657041 2.9207516629598347 3.0456161021153303 2.751670932885503 3.375138514086269 3.0635642269782837 24.03689609223827 21.311437682344017 24.78063522161108 22.672835954137916 20.902960889516013 24.596517805316083 21.113938201864052 21.266791990865464 21.2439549898226 23.812159093948097 22.486038222265655 22.53899332834891 21.332637940435873 24.14634405309055 24.35067647975089 24.874771831459245 23.459136824648883 24.48520821013747 23.310026392202417 23.51265893607202 22.796466464482997 3.876830443160029 4.232093418790467 4.048230592284961 3.253610268250353 4.045784193937932 4.054964431735042 0.8032138335270211 0.18316396425870962 3.2495345937785807 4.632478460019441 2.2921477365374505 1.5411561652578465 4.055377225957137 4.863282498281425 1.7735070625716847 3.5775246915782786 4.609142339366111 1.5613972054047869 0.9859735430467637 2.4538945706555544 4.53302075628022 2.726820174332954 1.7062785109359386 2.141250684102516 4.516266687114902 3.4184672523970496 4.971585434267743 1.855395938330064 2.1708678041906113 4.714557801625641 4.505534913257792 0.5824921746574896 3.090782206653686 0.027571698764939367 1.841223793400556 3.0177751731679177 2.4064450530847554 2.9234381385307753 3.7843135494581897 0.21804982981896814 2.6363674979592737 1.4927358250469385
4.310784574454308 0.7077815466189269 1.0506122804694003 2.193890034572009 3.3468671401128285 0.008654659968909684 1.8235305405833464 0.6491248138983935 2.9768947617849424 2.938016420028177 3.7935234596528558 0.2618989977935132 4.3350060983177965 0.8122223781238352 4.575799619711484 4.746207228933933 3.223545922956492 4.873157576466531 4.340603760646352 4.109732508353326 4.237008950461591 2.0390767780039853 3.704428598006604 0.7036929905370359 1.675694936338873 4.870685352199188 1.9184603551710273 2.6270119018058242 0.3497845775006525 4.554053597983795 2.0544436439488845 1.3605793594651234 2.759952985176083 1.6706943920674067 3.693424934603049 1.5076841835512607 2.7681603530248973 4.5765016362654904 3.18213093915739 2.4835563532388387 2.056166199000831 1.8852342322856859 0.3939231419809991 3.868451573757963 1.6184218270394346 3.5426362423530096 1.130067567604645 3.57113137649528 0.19380225120818717 2.7348752613427045 2.451531074380929 4.207859365757571 3.9135281249048677 3.556367339992037 0.2560211945397023 2.8923616793222315 4.051277654411575 3.181312834524404 0.45841374131942336 0.8768955478161866 1.9143391701152945 4.077630682584681 0.314000163993558 0.6277880449524187 4.6109213648828735 1.50806373089815 3.980465692415414 0.5533148673949112 4.466752583542376 0.44960893931049073 0.35748860650208547 1.9541336032783203 3.469402424046101 1.7183686717350788 3.3400307710570534 0.6511380970091779 3.869749581703431 1.3456719937341481 3.1734591489044117 0.14788981415033375 3.643343197051729 1.191476187756324 3.2767205448456247 1.246263221594951 1.50733224559916 1.5578407448899612 1.4093286849501458 2.1683028479904403 4.194523974901663 4.143004576928162 4.124766212183578 2.3752498086400786 0.2939196203941924 0.4768867532716192 2.3336715454665935 4.191873611017255 2.7844565504839913 4.422345182128052 1.030688069257855 4.944676368187031 2.768390675942997 3.2366857652598324 1.3840701815269485 4.422163244843745 2.188867986742525 0.6239237884990895 2.732601032899705 4.532947285532639 0.9442083949134134 1.441180757708067 1.5393543572853563 1.0518332636428107 4.608045537436468 0.27103603165986145 2.0569956564915253 3.637953592329601 2.3886907076504977 1.2572604447572755 0.2358438442991606 0.6520832298598389 4.193856809550691 3.1575819551167346 2.909891220473464 4.4866494170483175 2.2089040917697305 0.12517030302226395 3.377652604295637 4.630503777955844 3.029796479772671 3.797155651923832 0.7292068235770938 3.4519652918575487 1.9265937027678892 4.147693960514535 3.1762321665699838 4.324250302998628 2.756611162351864 1.3569579576953235 4.1610394300642914 2.110617610383296 2.0931760186506914 0.500576980435507 2.3251941426206835 3.8361514204538545 1.7748721583449871 2.549255849359311 2.867640129555895 1.2023693435132614 4.758580523863978 2.4686467906370364 0.6073400111927579 4.665530641847449 1.3620863450593446 4.54547147666236 2.9973297259407734 4.9321031117309575 1.9866042305371479 0.8027954404936966 0.9320850932832231 4.723192239131624 2.1440952856220434 0.5484917579818316 1.2184649524050373 4.463771732743174 2.7611721530624864 4.0530345372737155 2.5856241390497487 2.5241039692874025 22.72756913110441 24.428985514240246 21.899553279560962 22.21858277205676 23.712360746421602 20.283619479872517 23.799288614350722 20.296029668363502 22.91480244645495 21.821058908718797 23.302312088971767 20.631244310878877 22.78057618244392 21.8214189505782 20.20011294205751 21.273075278301555 20.277251892958258 22.741704952767247 23.128537676332243 20.23202637544747 20.043760775501195 3.162612345842141 4.406131592232915 4.496915845285438 4.487790324408561 3.6424895761950786 2.011286503542517 3.5505748516013984 1.9200922477936504 1.4138172414695553 4.263979209147754 3.7537596191924782 0.0979660911941338 3.7386106613365753 0.28190910206828845 1.705799681038616 2.6343672731378702 0.04921472910027369 4.529707669167008 3.7059709311130384 4.5304344170353845 2.204312190215367
1.989471839609529 2.3222161988964944 3.9436085230581917 3.283858134412375 1.5699407611929717 3.339610293685843 0.4986639086981598 2.821744516587829 2.1102477032125773 2.2077269140129197 1.1327297062777186 3.3152828102348146 4.452003877128227 4.492587148341857 2.1321793636531945 0.39230701046265415 0.025845423381287702 1.0460612721326112 1.9229449616830496 1.4340689633057129 4.3720101058028105 4.180782426482149 4.1132516966637365 3.138455202233157 4.8427956246144275 4.843844805326578 4.429369031196218 2.748800826115347 2.0355748616401814 0.19280437565396769 0.6199975255768664 0.3501722540117197 0.60890733143042 2.4716256784642177 1.09609908003366 1.473022778483658 0.08672076436587295 3.5984273478966182 0.34723721748446734 1.2913833572259203 1.7807804252904376 1.4824083154140948 2.963934816451652 2.339798629968059 2.056853976578318 3.976610463617354 2.6130702261029812 1.6193350295870113 0.29018491743635244 4.758674287818639 2.1651235344624054 0.4584743082607501 2.810748356935936 3.119514476870542 1.6287026302237784 0.47942985865954135 0.5305901138793812 1.2112982548657114 3.1064711574597133 3.6911386161133004 1.1815812833439998 3.4716424425628887 4.4679038653496015 1.8196811612208175 0.958971628285219 2.3797918686646296 3.7912850028920997 3.3608404168827515 4.082554159829209 4.6409630223635325 0.8650056106211584 3.6529341961247286 0.7221267521677099 1.9521904086935722 1.016810502301635 2.6514532510183635 3.360229384756808 3.508398810204958 0.5888336033182701 1.778674821259728 0.06892331591375922 2.8904363975522838 3.1312202459178002 3.911557802750209 1.8692641362760842 0.38339856622975677 2.1721390824411846 4.725421244928719 3.6128855145702286 0.3105786731235016 4.746171963295379 2.307570495093377 4.8264761193946635 0.8541512864585127 2.2347256881028428 3.4942024337880655 4.172272701294216 0.3197567781125532 1.3839186888240058 4.0836800072972865 2.0313082009901215 3.866352972394564 0.8928808229099588 2.095678182838292 4.428237912249412 2.416494757544467 1.3678003325753152 1.0097220192992036 4.6536655350458656 3.0036653968636178 0.5637229774830282 1.7508110325856845 1.7762921100842206 0.3580912763141014 0.25198562856827145 2.112659435611486 4.5726646214818 2.8971790408119076 3.3576904273609958 1.773009368102643 1.5878762419481185 2.4564856167599176 0.25594713709526207 4.24007696192593 4.552093194558746 3.5600596623319576 1.8480098446784476 3.925736950480508 4.178023883041164 2.4058035915535085 0.8498248875148973 1.7725052970600914 1.555785685891501 4.289368888123272 4.446783554452704 2.374570918103558 2.8875886638967714 0.5116162868498336 4.894375655218305 4.805324687914808 0.25531704153059553 4.049713634749912 4.519956978729688 0.8935777592497951 4.192120218001838 2.5735523639317446 2.179675530391904 0.23005344778788184 1.383940305795854 0.14009268410263342 4.348785924649553 2.243359885973848 2.1956363868656132 0.1936878950459392 1.142327404045664 4.090112126952739 4.1836393688932105 3.1835961540385886 3.7599572809573885 4.474386685932526 3.8131760290253207 2.528394671972634 0.768503888066453 0.6912696224405779 4.587245160081718 4.489305879659184 2.7334033158952837 2.449647605197291 1.0983134740816398 1.7862535796993377 3.839882858773538 4.802243708364857 4.765123318098518 0.752654669968329 2.4401095318525945 2.86884248486548 0.24642532500277425 2.669372253429958 2.624232432166507 1.950639409324606 4.700297035573595 3.083165668320233 3.4264877648179204 3.917441559424677 3.689312222999302 2.201096732494108 0.4227570235923034 3.4773394854491775 4.831573452379367 21.449089681106244 22.978241785644784 21.222064802271877 20.46542738521209 24.271652538605018 22.772852519590742 22.421224410856087 24.528705717236935 21.65382149519758 20.788204487050113 23.097748795789123 21.840454938566683 20.573181909441075 21.758426576938078 24.422569434099813 23.645793905855342 21.654485811182152 21.798061373252136 24.596236243445468 22.710581203919773 24.325453314479322
end

ganma 
2.925369328261366 1.0900407960722382 2.5331245644229594 0.5021100360412434 0.10021526359386512 5.305559818790916 7.8372061837931 5.110517776157109 6.867739886230301 6.30211718880688 10.988156173626127 12.91479086339113 10.08415163294183 10.066009124542777 10.687970188756434 17.89278025530951 15.584911332085868 16.186398334013283 17.588930359172807 16.136353711853744 21.21787013438584 22.167539622743433 20.161830072726925 20.517528792041094 20.109772967998133 27.88763678459943 25.388874791134107 27.799348628302436 27.166276010033158 25.506328916652272 32.11220645727163 30.915743399393303 30.61587050625029 30.005158940888354 30.482934956621044 37.64299952910339 37.14395195652974 35.69004430030414 35.27072284430765 37.483071667397645 41.237510426012975 42.33824055653135 42.187997670129185 42.39394750489352 42.87404225716515 46.07732758572769 45.23440150913355 46.335569761982725 45.65896710422457 45.22527602085348

