pd 
0.006299526055680428 0.04164725792322107 0.02899254405904558 0.010049549209442753 0.03506632163959328 0.022520534037314015 0.02472620272793577 0.00446359907291814 0.006662882447059591 0.04281745611151194 0.01885587717875162 0.0033472308893975305 0.03866837133127775 0.0002592190124111981 0.010692955702811213 0.02836833281270729 0.02185849996143452 0.003036695116460356 0.023038343059934675 0.015739477488302064 0.004611777582508051 0.008619537431422644 0.04181762150166599 0.032606600796182966 0.0352810202033903 0.01826603779550007 0.008922171418549438 0.056820637526588405 0.016609796124741685 0.010909531416414322 0.0193893663137715 0.016701295632813428 0.030101319032307502 7.755717925987981e-05 0.010603415220303914 0.0014230603539165962 0.0235502144016784 0.0344816909443258 8.749047119551553e-05 0.039855151911131655 0.009637196154117605 0.038130795900641924 0.008196222483294905 0.03771582506702542 0.0013494256315843432 0.013358169943018612 0.006579511570614327 0.03154739907675037 0.0361463624954905 0.019492922582583137

pz_d 
0.07326237994902263 0.11960246236644384 0.1471188539665867 0.05455689669232367 0.11186263122808357 0.07861632600426054 0.1071039200429374 0.08443546179452131 0.09678123631281824 0.1266598316430022
0.0878902490258982 0.08110194556757853 0.11922855457195869 0.07037705287787248 0.10068968341341114 0.12180659726091779 0.10848326705841138 0.10140628528258437 0.08663468296090664 0.12238168198046084
0.10395252079883917 0.11503229598475932 0.09711199153017008 0.1073885911006052 0.0757949745122257 0.11042547252608408 0.09141178560399905 0.14161200493453693 0.06844108593358096 0.08882927707519939
0.09845012136428606 0.07138040727789255 0.12678173779387572 0.12252407654816201 0.0679786032764236 0.1084040134316694 0.07847712105201506 0.12920853432291463 0.12118829658583571 0.07560708834692541
0.10654584298068641 0.0945607236324309 0.06225740732306716 0.11577394914335798 0.11631998124839459 0.11010396578899022 0.12598184561908257 0.10786877638466046 0.07894565086333921 0.0816418570159906
0.09194817533698414 0.07287802419257487 0.06934950353630287 0.11606928920315436 0.11388766118759 0.08112501138249599 0.10578151844913168 0.10244209989211892 0.1002164468081412 0.14630227001150592
0.08958362968012003 0.08397567385445241 0.09518739581972958 0.11609944440308087 0.11073046516422937 0.10269430660846547 0.10581908579521061 0.08609083708047115 0.10829964452723352 0.10151951706700683
0.08161380074141797 0.07949324625403129 0.08974516547137495 0.08605592233654731 0.10496627753094448 0.09971942501800733 0.1264362940316171 0.124137757021408 0.09509281687416456 0.11273929472048702
0.07156703881879144 0.0723888509385869 0.11025680548327736 0.10787034692378804 0.12792981312690085 0.0961119063832683 0.13048531241004058 0.12276028870419974 0.07836475186751635 0.08226488534363043
0.09360411122913954 0.1116395793584516 0.07400554834509604 0.09792780414039863 0.13473356525838012 0.08053636241177642 0.13152921968340434 0.0818083926648321 0.09658575892557156 0.09762965798294969
0.10154081743496907 0.0756878623056855 0.09541388805491513 0.08831115001811722 0.09382564461231052 0.14310517025336747 0.08978532719733173 0.10671947720815242 0.14974522439345597 0.05586543852169515
0.09575414576928476 0.08723583965351635 0.12052634404143558 0.07066477194650034 0.0696448641691832 0.11883793881982772 0.09934010175076763 0.12824605039057507 0.10969948312887702 0.10005046033003244
0.07357870594876788 0.07147737953567822 0.10924886855263784 0.11311580975138044 0.09545366727553299 0.09368108147276209 0.05764139881482545 0.11470324202029869 0.1260369787883246 0.14506286783979172
0.12701366272312783 0.11819561827990596 0.046656358336387274 0.10665877552825914 0.09159010318404277 0.09687750193794517 0.10127296776665669 0.08405908551599629 0.12220214982875241 0.10547377689892648
0.10035468866368778 0.07272712329617968 0.08023176537241035 0.0984105314926012 0.10193057830169258 0.10917581254930847 0.07778423874094398 0.11751809003365152 0.11256713955260357 0.12930003199692097
0.07797651470067074 0.09530930573779559 0.09413353221230424 0.08593236586577178 0.10443412933383243 0.09594385059000754 0.13426502891625838 0.10789144068606601 0.10523289098000607 0.09888094097728731
0.07368008999606106 0.08524400668293258 0.07990224660723014 0.08737926278514933 0.10988813422449172 0.12073718599774547 0.10781194550959232 0.07207730953428312 0.11083841065288016 0.15244140800963407
0.11281864673645478 0.0573730599884104 0.13850953591410298 0.07677253886324473 0.08142783864073173 0.09233860282332816 0.10872838263685185 0.08398149572154995 0.10265916364758203 0.14539073502774338
0.0964731921805152 0.12384137859975042 0.08100524681040502 0.09988316772417152 0.09890471763462728 0.09959234722686476 0.10678790891650074 0.11320832234927043 0.10990844809667517 0.0703952704612197
0.1382432848056426 0.08702556657374448 0.11507656529384143 0.07956963819866895 0.09447279406905315 0.08866189905874608 0.09312907939021951 0.07154593893976761 0.12789579416349212 0.10437943950682423
0.12198841582570819 0.05856351983758729 0.12483966375141885 0.07826446689504096 0.10756301928428236 0.12353716419057137 0.0875361224035159 0.08765319678069354 0.1061392723564484 0.10391515867473324
0.09598875565909525 0.10176874650370885 0.08353502968051604 0.12198645060850331 0.0653894392457094 0.08418397831734177 0.11475473576043173 0.09098772015525908 0.09550711481033541 0.14589802925909914
0.07111102970096848 0.08932778269754574 0.08491831852533219 0.1048323594509135 0.11688432165468828 0.05144777108278736 0.15329959770632814 0.11214110281611586 0.11525468935312178 0.10078302701219859
0.09035134217641737 0.0626693474944405 0.10851696672645919 0.13920262495791474 0.08705704100868551 0.12804594013462428 0.1235253772640199 0.09259588932026734 0.09556685025441986 0.07246862066275112
0.10589763460917348 0.06591753266658987 0.11008443892876615 0.13460070598911655 0.09131419705732843 0.11371419436751866 0.10518863512473892 0.0796321571887464 0.07870006610500413 0.11495043796301739
0.13108390843539183 0.09044564115183985 0.088172136847913 0.07298339212967976 0.1127501933231958 0.11380690291184166 0.08902733733885167 0.11077161383146122 0.07971330310789193 0.11124557092193324
0.10441966267591801 0.11769770454665095 0.12602589879672874 0.11311952770903333 0.10274817710257733 0.06149872983251726 0.11734681536342871 0.06247960174674235 0.08384511319506686 0.11081876903133657
0.11262384307455066 0.09340087836789175 0.058171100206816255 0.08378387127061794 0.10421644888920724 0.08868140786850935 0.1011313521569079 0.13285805513024893 0.10922334717979616 0.11590969585545385
0.11466250784691454 0.10325156837592224 0.12221440394004014 0.0891193338282595 0.10482393253884623 0.0773408388941821 0.1681215996889806 0.06966341724999368 0.07104369622203348 0.07975870141482769
0.10861339206999233 0.09483283916151616 0.10133318653382332 0.12116961712685534 0.09573938137566099 0.09211023300481967 0.11152470664482775 0.08519894273824084 0.09577624175350913 0.09370145959075471
0.08456834659124028 0.096137009548953 0.08323046158023924 0.1132521435771932 0.11369048409668105 0.11894380638800177 0.1042308186183643 0.07730203234786104 0.11847974022962879 0.09016515702183732
0.06876544847826783 0.1327477211103821 0.10747499837562796 0.13592188918755152 0.08558592256520188 0.10179521292304572 0.11448005324248506 0.05544197912611115 0.09121831916722799 0.10656845582409889
0.10417796956797656 0.12545402662765176 0.08897805689591468 0.09007367149282955 0.10464360161733938 0.07359978545488566 0.07277445222026172 0.10516098183641882 0.10023066537552976 0.13490678891119212
0.08023679703205788 0.08200994036346015 0.08368374225880024 0.08801662609881665 0.1234365444361599 0.09718827035747653 0.13368689134953946 0.09958267000769318 0.1079303391312763 0.10422817896471989
0.09917077068644581 0.10864849054412118 0.07484360196718924 0.11481089701122305 0.08639063363230466 0.0656426072783385 0.10405096002439293 0.1099699403255541 0.11548499400874393 0.12098710452168658
0.08151716121397282 0.1325802088707933 0.07022627062663551 0.09228477864116078 0.1303890669281809 0.10549823825050789 0.09853762277745029 0.09910640825968736 0.08037825357018494 0.10948199086142622
0.0994977078171908 0.09649446738229092 0.08559718466548281 0.0978053094983656 0.07637034553909466 0.10022524530404037 0.12703521776358362 0.10221210417151115 0.14828685107769146 0.06647556678074844
0.08843622168214361 0.13276450687232483 0.09229862393280225 0.0871305899249351 0.08005201660279354 0.08661436025740717 0.08196041455666929 0.1291627658474243 0.10170678804717678 0.11987371227632315
0.12852665931358365 0.0942993430322564 0.11003032149749783 0.06248538784809107 0.08053354940185109 0.09070989544557247 0.08675978623743841 0.11137502880676683 0.07622579948347094 0.15905422893347143
0.07163107012420891 0.07987592692584992 0.12967716707918264 0.1223675680658253 0.08981382183865395 0.1424972501446869 0.07759864642105307 0.07632153157242254 0.10874966002828305 0.10146735779983375
0.10843646549567636 0.09573066324295414 0.056788376952132825 0.15214411525899316 0.11731832213638325 0.08491210969932403 0.07580695339002028 0.12959511734779489 0.11203406318021555 0.06723381329650564
0.12039886181458874 0.09319899864033855 0.10486204926207343 0.1301310145969966 0.0870522860273841 0.07353992618670943 0.08664007469565341 0.08888236877560693 0.11159013583723312 0.10370428416341539
0.1256858676825506 0.08981518813812854 0.10151832248926354 0.102521303284127 0.09454377918989379 0.07576760450200917 0.12836915530503493 0.09407846169468724 0.11436785617793994 0.07333246153636513
0.18338322797505427 0.074276461680141 0.07372318873777817 0.12221717621041324 0.07348284927108104 0.07589267497873249 0.12467872037004105 0.09894925302343381 0.09221673595227593 0.08117971180104906
0.09039004990553187 0.07203383840411348 0.0975518617073823 0.11057395290143955 0.13248318695467257 0.09390952740006789 0.06559845806550206 0.10246977674070701 0.13353015123950857 0.10145919668107488
0.1040813138555659 0.08668791667283095 0.061750439142744064 0.10386888082304811 0.09282409068211243 0.10299629325287056 0.08690119492684162 0.12011221878625558 0.11197950850833048 0.12879814334940037
0.1033734286986759 0.09775116678091948 0.0837366479983292 0.10896433952910016 0.13363196356868995 0.09737520162441678 0.10776774750931502 0.09520589770560811 0.11073756023230558 0.06145604635263987
0.09110766229243727 0.08479264807122437 0.12346369213586596 0.10465161342225428 0.06500455351001856 0.11695304823248653 0.07011650257288068 0.14195315525761765 0.10988296527766862 0.09207415922754598
0.07136186422757938 0.08765892917905142 0.08791695402802463 0.11031753911949103 0.10577337543618633 0.10325595739980374 0.12196640251991067 0.13512704031797457 0.10993070022576426 0.06669123754621387
0.08422277132676127 0.09730148823610998 0.1176044964047892 0.14610790725442974 0.07401456560915926 0.12567263342320598 0.07607303781566435 0.08796619561894518 0.11844748660676113 0.07258941770417396
end

phi 
0.025033895433890323 0.024182398325025046 0.03862147799896196 0.02424066452171654 0.019270990564869653 0.02706734043592202 0.019867634747665234 0.027659597434294386 0.027364692637376627 0.03046678386509202 0.03092912706580092 0.031163989820884305 0.02638851944518087 0.02684469920646767 0.026508366356359208 0.02923090773948753 0.026022523829765606 0.02679133490618421 0.02404737583575565 0.018997780931784183 0.0211196255552237 0.002816749775080928 0.0031096999367992107 0.000940585028818562 0.002576551234518644 0.004776033386981825 0.0010924840943993977 0.0008012844186895866 0.002420248206890592 0.002929949854770261 3.591705810820474e-05 0.0018595186890395822 0.0039054638219800015 0.000651983709628198 0.00020069698447955936 0.00019190316383212286 0.0025448262868357423 0.002487879286676372 0.0012511415197414626 3.4068774325423917e-10 0.002345302116181549 0.00018854687147802724 0.00043373385002818397 0.0018692309236357915 0.0038152195747314707 0.0017285206782794867 0.004209425016200251 0.002193407455097689 0.0038922490899577647 0.006697257458927346 0.0058355215950408185 0.0027749706115617542 0.0008355841517665683 0.0033973887313930216 0.005102427938477149 2.480407021054499e-09 2.119963956530316e-05 0.00302779565035466 0.0021208402925255985 0.005258294649183235 0.0006643157323402017 0.002302465248348088 0.0007309948841941406 0.005484793319145644 0.005854754859405053 0.003818331251909671 2.269464903403979e-05 0.0033665026770956434 0.0026141503767687702 0.0033932030119642248 7.706137273231877e-06 0.00047984111956120805 0.0011233482306193447 0.00232627959352076 0.004829902909830265 0.001159719293544569 0.0006371787421675288 0.0004053453016929407 0.0015928182746247105 0.004692061086014252 0.0014144752114372573 2.0987652092608557e-06 0.0002756769404019153 0.00030348675852520115 0.005320255207728863 0.0018608235069198281 0.003160190252229962 5.289284066481043e-06 0.0019020541033450194 0.0032826062686066317 0.002841594726427961 0.002722643537707003 0.003316849212601056 0.0002581412571091839 0.0027519909894042176 0.001497863403990022 0.0029822643655278533 0.001203533167690819 0.00030341171711969204 0.001035392149269551 0.0012836493704718238 0.004455856785854644 0.0015293266048568112 0.002346201605359513 0.002138373302234951 0.003445589414174298 7.338014187413405e-10 0.0027752278805936543 0.002033810417492407 3.104522466132384e-05 0.0038011513485851313 0.0028192795316022714 0.0029767424054733646 0.0007923042735600604 0.0013867040176056508 0.0011296924915021162 0.0035649558205703776 0.00137196585513768 0.0001380475984606166 0.007109079507627743 0.0014629461208095513 0.002435609133695989 0.0007208908690434661 0.0013992323013130364 6.727205108625747e-07 0.002979351671796278 0.0024860949146334726 3.2161806827959165e-05 1.1693167377281123e-08 0.0019718725673521535 0.0018734559174083461 0.0019058501549288854 0.0005575630849188798 0.001683899363682761 0.00010459332065846432 0.0028601835256281457 0.0022650291096701857 0.0023645311806866206 4.290880848143012e-05 0.0028735949550669254 0.005091315592761313 0.004541421652568741 0.004772643622907802 5.6100232454420934e-05 4.493129484769026e-10 0.00945171718500921 0.002850316428432824 0.006497775943012539 0.0024118560036313127 0.0029489253501440243 0.00023043058842968386 0.00032064920690591466 0.004826708168095834 0.0038010373107062894 0.00963244695776664 0.0029197894355808343 0.001594427552340768 0.005443920560480199 0.004337346619907665 0.00363427779163077 0.0030357937378206468 0.001261355537238297 0.0012145592763927126 0.000509760813883694 0.0022133398372917185 0.0010699523370705003 0.007776018162938363 0.005610267278041269 0.005053049648642478 0.001361667747329255 0.0011762983392886925 0.005871071479288916 0.0024646903920461046 0.0005598110564469022 0.003536799300415254 0.003856955644899981 0.005305610623936251 0.0048075902201965785 0.004356349159606818 4.506905417411764e-06 0.0009005171930249097 0.0008498383144703053 0.0019111791851814093 0.003350180656240953 0.0009844308700254815 0.0009552155402324827 0.0042777229883026605 0.00010709703955047621 0.0033449684843114566 0.001408582756831338 0.0027026284950522872 0.0009069602680702629 0.005288888279609268 1.2274878873362682e-05 0.0020377622046064098 0.005286682760988095 0.004501096784055557 0.00016018999500596213 0.0015684569265771958 0.002749935336509455 0.0036397412232801003 0.0024143878202733935 0.0005273661063145439 0.002939388365288629 1.839235539488764e-11 0.0031238078377221466 0.0009595887006332093 0.0005434536019038889 0.002773564275366381 0.004109471778296914
0.002623484449222511 0.0019104283010152713 0.00573693734534289 0.0009964309218009008 0.0031304980704456274 0.0034076968575942226 0.0018707433923373636 1.935221511433802e-08 4.101517957299045e-05 0.0003728797204717309 0.001196087195177543 0.0007508577410310362 0.004062247317413261 0.0024107016023648207 0.0008232033268319968 8.353060880054735e-06 0.002865312250857155 0.001438488152978611 9.226896185110077e-05 0.006076771899756577 0.0003593877971536063 0.02476960812825057 0.024291587279946552 0.026815904998953602 0.01813175277934197 0.026304312051976954 0.029571477592042403 0.025403164372347176 0.027288612222023428 0.028807259998155553 0.029047477453758755 0.020115334335326012 0.029176650935231575 0.03554265677789529 0.027550735366592697 0.02553503530464214 0.02280185027029794 0.02528409398696079 0.0300983647091477 0.030549866278466935 0.019870050714801725 0.025851980334987586 0.008392291159814323 0.0015114176101876135 0.00036502685931416297 0.0008917866874548763 0.0012220339141075318 0.002969511334552127 0.000881317672261156 0.0008502215277064288 0.003301612121139801 0.005365842310380669 0.0035321585438461375 2.6818022790609362e-05 0.0048317125388843375 0.002138686961879761 0.006339357973900364 0.0034515832047826425 0.0008292506382518646 0.0027417114154889358 0.000297936677567273 0.00028642808147824643 0.004400727628256269 0.001308746313633666 0.001700262411528694 0.0006765636584351657 0.00019683985371200024 0.004849541719172009 0.002484334763304218 0.0003602747482669576 0.00172694517491295 0.0011394468149275062 0.002244045783595335 4.1181587838109185e-83 0.0028657914226772343 0.002534039465325278 0.002084419312849901 0.00013199325349157385 0.0014301119261799881 0.0025710811464284213 0.0018997092869769017 0.0016491093475245035 0.00041415631327174226 0.006931761807914277 0.0020867862142122584 0.001389371656458068 0.0024398400577228395 3.7104036455971314e-07 0.0010264269376007676 0.0002452127013350756 0.0018024559021172953 0.0020667826904702683 0.004087472891079602 0.006348858421961534 0.0018523926222210297 0.0012265643291617227 0.00031886238819859295 0.00042922896041739706 0.0014532604584127614 0.0014170047449494415 3.089698288801946e-05 0.007437711248601472 0.005806462187115689 0.005287433867631699 0.0038659573664812734 0.0016711075844960148 0.0014659205526822909 0.002540463336842729 0.0035326511495062745 0.0028858229178669926 0.001812575832516068 0.0021758654372703327 0.004280809058256414 0.002748809400884462 0.004040847790118864 0.003471015868267028 8.616837473018575e-11 0.003736318154547521 1.985791622937906e-05 0.0003373989121607036 5.5302260561427544e-05 0.002689285191698719 0.007226698764047986 0.004706271054958815 0.00047501376870690606 0.002050195440790595 0.002555585151536311 0.001292483285024205 0.002780922933482795 0.0011646582058430595 0.0035084711158145424 5.585135249174096e-09 0.0022571628970530946 0.0006453733062504641 0.00043634951773433136 0.0009009583321744447 0.0038779361320503093 0.0013127828898199354 0.0029479367849930115 0.0034931435835674693 0.007500310519228036 0.0030162756266978574 0.005083206588218019 0.0019532888902250647 0.0005885164592957012 2.2820450932004086e-08 0.005132611924986606 9.920764904146532e-07 8.942909177977387e-06 0.004026330629490683 0.0005327685204126669 0.006262476386456824 0.0013559386666753465 0.002437881003650547 0.003732504473846403 0.00026653497877386867 0.0013815638351347141 0.0045372289809406585 0.0012545991968483966 0.007033382769585327 6.58775735620484e-05 0.006534201539617437 0.008395105523661312 0.001222643027774372 0.0011225618070608927 0.0022295741197933153 0.006036191924221387 0.004039485327153281 3.0071391932778777e-05 0.0042153510864838374 0.009781116431766048 0.00018117010842021698 0.0005530138384163758 0.0005811970172567394 0.002429358321370412 0.0018623420054787007 4.071394309985812e-05 5.78574013193461e-05 0.005852456848327445 0.0031101294082511964 0.004423061302554532 1.7013784852038084e-101 0.0026107896795911603 0.0005865353731898227 0.0038305961005669392 1.9237470780544938e-05 0.0023589454760499463 0.004805088115843491 0.001870836140519579 0.002779628122317851 0.0052766903365908885 0.005291446315812704 0.002568402263462319 0.0009469240708332146 0.0046019090101082315 1.536638922379286e-05 0.0007469342970051843 0.0017634937163032679 0.0020017602347076526 0.002722340882122455 0.0007218407911524423 0.0022402062643287826 5.498173590857502e-05 0.0027858516436187683 0.0023533515172767775 0.0025316232299057687 0.004129975386385049 7.953234930751519e-05 0.0015132903022919684 0.0034000155165938347
0.0007052880241228678 0.0019029075479996367 0.0023075757804551615 0.0036019871139961325 0.004362872616770567 0.0007967039254763817 0.0012923088740225026 0.0007516812060295511 0.0002495139838906465 0.0020936483334751186 0.0022152713541888033 0.001794374998164603 0.0036013854668437285 0.010102331724489133 0.0012932806519695419 0.001211001626333575 0.0016728776108549945 0.00044324193105933643 0.0016540878959140405 0.003106246182866875 0.0036763670218599 0.005518471539622852 0.003498861088463307 0.0040531707480707235 0.003146151074604858 0.014054842714638019 0.004411672812741094 0.00803721626924728 0.00451580483856463 0.00020448140054451808 2.9360145147483236e-05 3.1630320237792786e-05 0.004413747381486369 0.0012317893287668855 0.0025273821405139645 0.0003266194074320199 0.0006837344903460228 0.0032256109380779784 0.0021994065932268193 0.002547529687688116 0.003959589611686166 0.001106977482967219 0.01901302896975725 0.016583195406009662 0.01486013514809707 0.026685146293291502 0.03172752826760115 0.02330915165034445 0.01982072364257155 0.03217137414585328 0.018829084557118445 0.04631299411481131 0.02401257925466793 0.03526803020166494 0.01940625119998598 0.03673243529356228 0.02228729933733588 0.02070897165547665 0.019736700057693155 0.02956387084618084 0.021789011451038193 0.027271105959040656 0.03616815429447669 0.0006234835427111359 0.001997565712310116 0.00036693203120939676 0.002142097521940216 0.001425926020148723 0.00014810957496728727 0.0012384973696515918 3.530644112279076e-06 0.002217525084447467 0.006985383967217095 0.0027880087745072667 0.002422456507782943 0.002033837671363209 0.002742263205069261 0.0002229339630410423 0.003068424990226131 6.925383472986814e-05 0.002753046238159959 9.744834337258192e-07 0.00034588132339527 0.0 0.0034571556949371204 0.0003755216898624489 0.007279954579635308 2.0471522384769374e-05 2.7293889915230504e-05 0.0023408171285574037 0.007359189510018515 0.0028356165639587517 0.00246059215806017 0.004217489875953062 0.002749498657461826 0.0015136253068689966 0.004621885240913028 0.004171378749942854 0.00041075533045886113 0.00016468783222413529 0.004332700304031263 0.0003277307119036211 0.0002746700598757837 0.0026271899508675516 0.007496261527552263 0.0021038673554192094 6.235216968561162e-05 0.0009229536723526714 0.00015324772843265243 0.0003159788454903895 4.683975340162565e-05 0.007265602738605011 0.002518504697556587 0.0020840986966654093 0.0022148038183087276 0.0039046289485653103 5.44674627743196e-05 0.003238838087803415 0.0033082376134794668 0.0017481221390452208 0.002684728040700698 0.0006533262663664886 0.0029293087483309717 0.0018588952133990406 0.003095305794746811 0.0017914624875077524 0.004363644759101198 0.0029376251136630175 0.0018049689886066097 0.000750246623504815 0.0010860807762194855 0.0006773426682675583 0.0009747659331113564 0.00024580278615739877 0.0004716724193536685 0.002125906397258472 0.0022326842335551587 0.006709755301344971 0.00033284754226213666 2.2246688107271992e-07 0.002489202867210502 0.0005689520083019207 0.0020033133057249597 0.003993958211200565 0.003939132591958243 0.0015107354612236858 0.001987357730757414 0.004290176936429281 9.07683431122377e-05 0.0014554498637827963 0.006930887263132107 0.01068027730810256 0.0011260490455709624 0.00038227543648183056 0.005550574859777367 0.0018297180439585524 0.0023232214566625852 0.00022920078914384122 0.0005744558492744888 0.0020040077293889645 0.007991721388947267 0.00017481058735229317 2.451673742190085e-08 0.0018958456052381718 0.0004481685118553384 0.0010497212903742006 0.004130206251674912 0.00036806760193808295 0.0012238646086550526 0.0011952939839457632 0.008924931021590154 0.0009819789094724942 0.0010240600061540465 0.0025069959041549776 0.004442905428905412 0.006065773698052818 0.00035650096039894244 0.007628920225180416 0.0034162344933305598 0.003724716955975296 0.0016114836784705024 0.00042421257729185607 0.0014353206389524302 0.003624674032904397 0.0028084446034376855 0.006052272264810275 0.0009434180497778121 0.003695560316740663 0.0014717654139870925 0.003886997061696396 0.0021797911070297014 0.00011176330705031533 0.003337797782225999 0.0022208746940755803 0.0016440442877015049 0.0016446864529317527 0.005036245423477206 0.0011434465374324805 0.0003833638632764322 0.0025817149670690647 0.002409250976075932 2.690591754516575e-05 0.00181583243421448 9.669779222827919e-07 0.0016087049083872 0.00047797731395605135 0.0008166497589298096 0.0021798178036551872 0.005342801815162516 0.0064272273175164955
0.0011889704712171726 8.467034872528736e-06 0.002846168255799639 0.00480323784524453 0.00025578753941373026 0.0008111113844534476 0.002094038449347592 0.004260403137745145 0.004018574453987034 0.0034498261546988753 1.9123991646225997e-05 0.000769782732261833 4.200135936111839e-09 0.0010950540259123587 0.0045505697340339135 0.0016996087616365718 0.004218204796826053 0.011994345332325946 6.478548800184031e-05 0.0034599790049598374 0.002670747506258728 0.00025855278117684186 0.0034721737758768496 0.005743562648050544 0.0012854660247020578 0.003175296269540719 0.004897827749351495 0.003484613246493637 0.0024761588185317493 0.000227190875909589 0.0034972696565679132 0.003159913877160053 0.0003521260984686613 0.00026650166674237896 0.0022732476784998357 8.11330887282173e-05 0.0011943642824153425 0.000558093168245203 0.0010732328699399694 0.000825237559480757 0.0008040322375475911 0.004388840084553639 0.0010209220567682106 3.2981461962183656e-06 0.000602881410316326 0.0055837638499096525 7.39610157988729e-07 0.0014492355016746377 0.0026911333028016723 0.00177354989506839 0.000472085181245653 0.003882042831524578 1.6338608021262518e-07 0.0030231256962235022 0.006037366414194199 0.0022112555397590466 0.00044588780012891805 0.0030337087691320683 0.0014067316172853349 0.005188949185911764 0.0027109305852455537 0.0023538857351947423 0.006184253056680784 0.030972690864716133 0.01661610927466849 0.020566081231849862 0.029030572263975145 0.023324736468822816 0.023943019324680452 0.017500175077758418 0.02891943294469064 0.026354368754981206 0.03377606966893335 0.02363793936694547 0.03503949717704751 0.02446457145699464 0.026704257506181377 0.024752887643885686 0.031015811136493765 0.015575686504430215 0.024808122425996563 0.037441819805289066 0.03468494938140589 0.02784659599462997 0.0017271963116729963 0.0076696833336629385 1.0695025863929016e-17 0.0019652469846816287 0.0007660860899404176 0.00025549067752571677 0.00033772159551642814 0.005954316643011136 0.0011273985272829844 0.0015447855669820426 0.0005573983111503282 0.0005995872495509624 8.530616479301561e-07 0.0021638756729981117 0.0027781886691890263 0.0005348341896428783 0.0009056151382841524 0.005994997940794234 0.0025159527140871216 0.0034951528467192005 0.0040259351190348 0.0023902238251629015 0.005483176421414164 0.0007772950813744383 0.003910358279937653 0.003081671023161101 0.004831323477552603 0.0035619920932418907 0.00022066300464246944 0.0010375944017165502 0.002552264284392358 1.0917834073455355e-05 1.1244958968612556e-08 0.007825472108027722 0.00505435581088024 0.0030780789630431007 0.002700286336469953 0.00044873180804337533 0.008914930085494458 0.008402896714899017 0.00014555895392270746 0.004620980590624656 1.2705275978682158e-32 0.001057990115402846 0.006435286602824429 0.003772990625768634 5.784393694316015e-09 0.0019880187215825865 0.0018822427010374368 0.0003175408329702951 0.0030773843710269247 0.006066239699814686 0.0021681478944870635 0.007133764163451019 0.00235648057304337 0.008046084990826699 0.00734039491164138 0.0019984063152315417 0.0007925833700580325 0.003969796533057601 0.004386287925851641 0.0004728307327361344 0.0005255806559020954 0.00125716244266495 0.0035607340643527318 0.0010835194569036358 0.0009537760681811892 3.478513808116835e-06 0.00558260189064642 0.0011828348178494475 0.0004308644642869155 0.004015927437427102 5.649891305099588e-05 0.0031204570332392543 1.3584288565846532e-05 0.002132597678318207 0.0002976910843814768 0.0006494128131697418 0.0008644214819155101 0.001363742031724781 0.005236981044470911 0.004311214744350712 3.951890256925349e-05 0.0035911518256292884 0.003333703720788687 0.00036776617595215107 0.004836127860599093 0.0009070877334871975 0.0061255744511423075 0.003400006211207323 0.002353300163869175 0.003117355778134249 0.00233497939789403 0.00198988587631634 0.005644496523997861 0.0021388410493198263 0.00010763039142241302 0.0010019032856659882 0.0004280326053803193 5.3672080110526506e-05 2.9680901240520005e-05 0.0027054631941832623 0.0007099694674326888 0.00022354801759175743 0.005848412884509671 0.00029184284730878813 0.00021756009931932568 0.0013352662157833203 0.00439289462613807 3.595646212834862e-08 0.00035289824276707606 0.0008537020974152739 0.0029982266691200173 0.0039686186761788604 0.005117924118720535 0.00019073504648057247 0.0002954148412887511 0.00031924842870713116 0.00027827503796273173 0.0023380297793591793 0.0024860766218320874 0.000575354137615896 0.0011979057888668262 0.0014403292079495807 7.240307897718616e-06 0.001354727372919237
0.0008768769421456163 0.007526308716530907 0.0015071945614085524 0.00040825474077301973 0.0007000171778565278 0.003398776192322045 0.004469573428695818 0.0009750936870303184 0.004933970439119199 0.0008290421230650188 0.005251354878650436 0.0008744258379537221 0.00015750756478116553 0.0041893793394922295 0.0006585796318139249 0.0008237015244871591 0.0077732715487769995 0.002390937889165703 0.0008656082852122338 0.0027040178890757175 0.0025929377817326123 0.0018616426661387832 0.0002164784263310265 0.005182060489204398 4.5182254225634815e-05 0.0008499800778888002 0.002013773722672858 0.004376401277041826 0.005478706959847658 0.0023718649695835107 0.00099973166004161 2.1699244767278216e-09 0.001894170110238345 0.002775572933299491 0.00764476752757034 0.00017710396516290144 0.004029463343814637 4.054735906774503e-51 2.6001604742601374e-05 0.0013773162169169449 0.0023987643301085736 0.003064091554857963 0.0037558051353569636 0.0029566279070292554 0.0008748823404247196 2.6141405760872702e-05 0.007029807082015374 0.0006077810545614637 0.0012437205728865746 0.00021097387930343685 0.00047392714141955924 0.002967581988877957 0.0005950309731130468 0.002649773668315462 0.003805561556708364 0.001696203056949081 0.004301483781461961 0.0027489437614153307 0.004762482387218741 0.00462861998292829 0.0008168589909157268 0.0007174410405140869 0.0030590892296396806 7.335983052795139e-06 0.004380432630124512 0.004005783795973224 0.006090120593336506 0.0034083684994187023 0.0026659913981762796 0.006422119277037534 0.0001294908590815391 0.00029700171869911067 0.004467322999245635 0.004975548399533027 0.0005211052716710484 0.0016136837000612476 0.0005883860100680149 0.0013376548411675525 0.0045677701380020235 0.0010465333430561042 0.0022739201479612193 0.003204173491444088 2.0649681228379877e-05 0.006814937340559721 0.02250730824911619 0.016631261065688983 0.03154016873702865 0.017763467323245637 0.030097330649629543 0.01797799156484278 0.019853129810932995 0.027158241033274633 0.03281297521753091 0.032391672535091065 0.027269281282316277 0.02058514602948936 0.0388192681989521 0.021780675853180106 0.030753727827438834 0.026101924206935884 0.023389587367939935 0.02821857497010069 0.02964793918944585 0.025400632568264792 0.035781432267359234 0.003090514613932847 0.0029429711413437535 0.0005519640803710413 0.0005959033734496413 0.0016170843949959333 0.0004899417066367696 0.0024473737509222585 0.0013559025121801765 0.0005119655004683355 0.0034763761730264623 0.0011559659096508183 0.001715939755068301 0.0037935430939063978 0.00036438565416661975 3.6074003634846575e-12 5.663093880284239e-07 0.002621232744257056 0.000289984185208692 0.0021508893434716383 4.855801481006511e-06 0.002427535681481462 0.002230932891583347 0.001032935435416174 0.0008843317944646125 0.0021731094310527676 0.00011337014789950894 0.0015623101917856396 0.0022660212254269614 0.001101174508527746 0.00417304459221377 0.007884824338478197 0.0006320568457958382 0.0013953854995611794 0.004887533197520587 0.0021810941227960864 0.0021486586652023913 0.007060945599176381 0.00011255998238060276 6.181218338438066e-05 0.004042326813824499 0.004998871551160383 4.2964739018455654e-05 0.0007810637209212666 2.053255420803759e-09 0.0009603169627080227 0.005271454430683373 0.002705234124729112 0.003904285291416677 0.005097760873521496 0.0005664434846208393 0.00020023156677565602 4.4117402004491917e-10 4.883422456873087e-07 0.0025162992295383485 0.005577373694912547 0.0022930278480029825 0.0022051153415753116 0.00024695386787849184 0.0009369868976029455 0.002179602753200634 0.003431137367070578 0.0012939889278581241 0.002130938642644849 0.0037625478115586378 0.006197282820884688 0.00203154163585727 0.002355072759987728 0.0019028152969869988 0.002170146220362919 0.003920549691171541 0.0015976528947912764 0.0035671546340011466 0.00576390897564059 0.0051785066377910355 0.005541604920649812 0.001292477358329684 0.00331455001110809 0.0023965285435015946 0.0008270828495583485 0.003846087257578192 0.0033288950935153423 0.000899896788423084 0.0026265968845546003 0.0025751150037519087 0.0005746303981719681 0.0020625190048215833 0.005184482786751921 0.0044394419827433265 0.003973934050500471 0.00326816777531781 0.0013030645137271325 0.0007111013691547313 0.0030313740021175573 0.0026949713234159334 8.11561779717076e-05 0.002697554799650942 0.0007192971667955093 6.83710378795426e-05 0.003282676744323071 0.0007291091976739268 0.000830255442287282 0.0028298289453911806 0.0003004253704961346 0.0025142576694220254 0.002778791360141528
0.0014713984943170375 0.00578767343894473 0.008495225633834216 8.8871219104233e-05 0.0018807537476561785 0.002455679691682535 0.00041351926119537696 0.0029182176183555233 0.002503760106235404 0.004765230307100728 0.0009382526574716261 1.2289473404009679e-08 0.003640192208033147 0.0010780514402911547 0.0019149561460869424 0.002881689632444218 0.00863289197368617 0.0009534030568512838 0.0013526754668128295 0.005596271908483117 0.0015050080456063583 0.002036690796522681 0.00580423141147803 0.0042633738673574055 0.0033378457087837998 0.0007442049525083871 0.0023263922043063358 8.165532435545921e-06 0.005479656476543497 0.0047724066968169105 0.006350661473958028 0.0009775612460618832 0.003071095399530917 0.002643289118973399 0.001433656372870268 0.001218536385949169 0.0022048540257765545 0.0010046970810138327 0.0025289093974234945 0.0017071792961535824 0.0018117176511544312 0.0025538717542803397 0.0024843423440720856 0.00547981017889334 0.00023994253833871745 0.00035876312327813836 0.002689104542335366 0.0005006214218644463 1.4939947266104771e-05 0.0026932657078350057 0.003946837749791197 0.0036125404583475084 0.0008594876127929547 0.00010170385968929107 0.0026415657248608287 0.003277074221010408 0.001159864430869293 0.002011759500762145 0.0012390474197122477 0.0005793232088358392 0.00132150392393521 0.0012145989311970543 0.0008468040582427026 0.0027397245353094723 0.004593178605143849 0.0034524043761173435 0.0003583665233909925 0.0011461007328982858 0.002590147135293999 0.005530235635579771 0.0041391547933502925 0.00047084081931244686 0.0047132862389504815 0.002795159630267038 0.0010243707740490644 0.0022608101286425287 0.004389931207829626 0.0005875410976990016 0.0010331427788927117 0.0014636622609550734 0.0007252093783737448 2.1003272123376555e-05 0.0017550562172492718 0.00032079032402497726 8.708062349045142e-05 0.006381936358215322 0.001980436781367457 0.00545249671757274 0.005982386118940441 4.116482865553591e-05 0.00817783810630773 1.3192247766919381e-06 1.2782280498871138e-05 0.0009698046092670052 7.797218839161057e-05 0.0038508925862887934 0.001718047874770717 0.00379964838340367 0.005391993823724619 0.003289142882712793 7.107309619038785e-05 0.0014386947169425326 0.0007659335599013109 0.006433544592151114 0.002962771390515894 0.025562107520375202 0.014752585116953848 0.027309921253079877 0.028532875904067983 0.025052033459862105 0.028448845279695652 0.031059202062909602 0.024297947110361127 0.024929174668299994 0.022665295534925304 0.027176449552911767 0.02560047437602939 0.03160072628014954 0.024275255981935136 0.023758630012874933 0.020852320545237075 0.023603977294478346 0.025474422050911324 0.03298870708516543 0.024357022182315283 0.023667633253292287 0.0029331919152694613 0.00011037028981283709 0.0037879582397489188 0.0020299086873957917 0.0001526304951468762 0.006845264118375114 0.0019660001956790284 0.0010133472693122042 1.8239150458912296e-10 0.004145641375446231 0.0032302087552723963 0.0012220459820278448 0.003836794009854232 0.0012649382745856443 0.001379964189713376 0.000927408271370284 0.0026100084135759994 0.004366873266924531 0.0020340571726936993 0.003221323023435192 0.002510130314176924 0.002965274364478889 0.001148389202259024 0.0018485434063312356 0.0014873006512626011 1.6035500684151937e-13 0.003894830133391995 0.0019786533065724323 0.005076873160696175 0.002609067346727668 0.005977002740577569 0.00017630489986192744 0.0010009682552989984 0.005993767753231309 0.0013446843484962287 1.598645735383097e-07 0.001632090491997263 0.0004503605163083568 0.002167078495326616 0.0019233128178642069 0.003827880638533906 0.0020352883087927645 0.004482487873296143 0.0031892976518437983 0.002556996580743741 0.0029033044568250654 0.004143324064941699 0.003633378299366257 6.792259300569841e-05 0.0018433648689545304 0.0020673590145904386 0.004722231650707304 0.0011239853229627788 0.0048339334502244344 0.0029695514779143287 0.0021346114106205946 0.0006562648205221862 0.0024450304871989786 0.000990001551444442 0.0003134356479610568 0.002893925554559126 0.0019013518188516155 0.004725591136467742 4.095742871436193e-06 0.007985870326275953 0.0055868343094969955 0.0016882829302695354 0.003181667009775372 0.0038209540381593473 0.002158278017317909 0.005080974301832568 0.0027517556545949137 0.00040708573212923545 0.0018588551255296901 0.002563404598729874 0.002053039230183052 0.0031293121485775114 0.0031903655614973873 1.7946448509088166e-05 0.0017475098430345523 0.00035555559705270585 0.0061844242545548486 0.0005946421681631657 0.00012758625062660382
0.0025470779205908 0.00250894997292248 0.0036001253547778248 0.006975008720282209 0.0040470659234451 0.0003014799052707199 0.006525536473333101 0.0016215052489373996 0.0026534267794722506 0.0009899326657896287 0.0005209412746918657 5.700382357013388e-21 0.004678012042777865 0.0020549100341188415 0.00015736493645377835 0.00152760073373919 0.004257939065471482 0.002823462688702837 1.5204906860895696e-05 0.002285942470926555 0.0015001609738155466 0.002855884650929788 0.0038609556275141592 0.0004942932687731925 0.0002788342934046774 0.0006904625197113567 0.0016862321538284836 0.004237579706284228 0.0007419151420216853 0.006419518325276314 0.0018365018080533566 0.000444396768453657 0.0009203875021684459 0.004416316264313157 0.0030183510680418897 0.0022657523626099713 0.0004749096523716683 5.500603025086442e-05 0.002369892903886689 0.002989654746581638 0.005733671187567214 7.019143264396631e-07 0.005436831837368433 0.0010164211630791936 0.0015235023996984101 0.004713960008978478 1.8481187483777504e-05 0.0001514425019960548 0.004837266662925895 0.0006497260073249677 0.001094101565027628 4.5885710234459676e-05 8.895792101302113e-05 0.0006756451416937781 0.0019951970307534794 0.002793067424046918 0.00033256276352532424 0.0048730669007694205 0.001956160389502808 0.0034207256223282964 1.1412106821678088e-05 0.005001547800436328 0.005099532484079153 0.0006593326675540707 0.0047699421210488525 4.872096392625357e-05 0.003419904137733016 0.0037814056099421903 0.0007616351082849727 0.0033176617037561735 0.011080036667940702 0.0017479620822193093 0.003135392777592892 0.004660641121756306 0.0006074603930326429 0.0023715297192241575 0.0007409441836547645 0.0026118849769165174 0.001107921641129261 0.0008657299179396047 6.481147672360918e-05 7.445243753553514e-05 0.0034570613663674555 0.0010019128709535979 0.0016759541508773739 0.005212053232060387 0.0026556954246884355 0.005337359100692266 0.000988561557381064 0.0015054910419476442 0.0038030308488233165 0.0038173384824348442 0.0014399510605003873 0.00840099433235945 0.003543410515626587 0.0007564038540774603 0.0035167203031248036 0.0034203322028650237 0.0032999688506984864 0.003310325871622989 0.004686152595046773 0.0014666839212504402 4.541573995370572e-05 1.255464318347441e-07 0.002199529159864896 0.0015424569727329276 0.0002113812963526367 0.0031989444922414087 0.0028930015324686482 0.0026443156721446684 0.005927346941655301 0.004791125967575963 0.004507973312632795 0.00246128265258877 0.0004689010519770962 0.00036291184883757303 0.006638306007398341 0.006586081425835263 0.0009359689550598643 0.003898821898835336 0.0013908323824863662 0.0007790734997474751 0.0002218452532995957 0.0019149514121420224 0.0005767015101025101 0.00744701763135754 0.02325277596729998 0.027628203997309402 0.02813036139587499 0.025007457484883366 0.02091451029314083 0.033191061872509434 0.016796034620086466 0.01456199957482328 0.02024068962611231 0.02412161354702538 0.03339925674848584 0.02342633218389562 0.016771237827942414 0.030381599779794353 0.031647980856422474 0.020217276404631387 0.028134551618833024 0.03383307734208728 0.030317978004597502 0.019924025703437626 0.03367851617623741 0.00026752698485526437 0.00265889381267329 1.2613084303081572e-18 0.005457223110875395 0.0031762663822873464 0.005460360580940099 0.00019742221034659983 0.001344605625308883 1.3066347783967626e-06 0.0021881808712401374 0.004914199173871293 0.005458103102987799 4.365992027643754e-05 0.0024654377994310387 0.00177418978298693 0.004468818042398073 0.0026759214995931693 0.0010859690694578704 0.002914143307396764 0.0006060872383445932 0.001471116854706954 0.0022558121206377713 0.003073222334417858 0.00543733648285502 0.005734568234833581 0.0069108497990751335 4.4652437241312315e-06 0.0037422913053301262 0.0030367339773643624 0.0015872517583223461 0.0020566025160455 0.0007795774003418088 2.6960711759215334e-06 0.0029538366539212666 0.000787574799783678 9.308807656894566e-05 0.0032734133935832664 0.0016126765712416778 0.0030054209439327666 0.00449826872198941 0.003947921027110221 0.0006411236680110418 0.0027896917459419206 0.0014851360394528223 0.0007298070485460307 0.0003136899020680597 0.004549086810563063 0.0023366638960693655 0.0031686463458119813 0.004189309361903973 0.00020223618041648726 0.004783336331740221 0.0020177237223228503 0.0021807056125864206 0.0009123455542040305 0.002646862570014458 2.2268388114002255e-05 0.0007603723770979585 0.0033260881778267594 0.003529692299306516 0.002363067490114057 0.00027312357453119075 0.00389399836804654
0.0007096443550725533 0.002264416743467971 0.003365161211106909 0.005512670895347357 0.0021401180359121186 0.000996226411962916 0.00460835434755503 0.001951880191274098 0.0003544744367156222 0.0006521269878285078 0.005059169484008501 0.004206717456913919 0.004793174850325344 0.0006328349781617334 0.0023194516211671136 0.0033942844374587017 1.001456623760576e-06 0.003561697606037267 0.00033748810764064 2.6716502303710998e-14 0.0023035962436702313 0.005058623675688656 0.00022400022541240198 2.8727761644278835e-06 0.0018664831069621125 0.0035351084950079755 0.002297953581183142 0.002098552908203718 0.0023463237819719472 0.0009539551607706396 5.130168805418368e-09 0.0015394891043725076 0.00038502384371172377 0.003210748449995475 0.0015777679068841545 2.7547759937566568e-05 0.007896321445739003 0.009138663307042683 0.0023373124556372096 0.00452099580288736 0.0032711443870856115 0.005176396101499366 0.0003480141164750079 0.0038861282669099256 0.003223685321487295 3.741665147910239e-08 3.2149003930030996e-08 0.00046049107780788025 0.0013385889701942862 0.0005813761672689667 0.002160462393089368 0.002625472001613964 0.0014324683536152683 0.00010352036208664094 0.005578792938326562 0.005573565050444111 0.0034141161505553963 0.0009374427738222607 0.0018618295540535992 0.0039729578896930086 0.012216335428726285 0.00511235282189444 0.0019361839667533403 0.0034418613983771378 0.0042663971858097356 0.002241827138210419 0.0013082509372043555 0.004208469970088501 0.0033044705824405935 0.0025668797402765794 0.0012829490167364469 7.605097341577751e-08 0.004831658260936093 0.0022980600272818705 0.004648586424223382 0.0012551250409234978 0.0004705488545295986 0.0015763001478804313 0.002569865175937654 0.0021635751888619548 0.00525099235059118 0.0016514801949014638 0.0018206780206032416 0.0025076773512151354 0.009093755398405136 1.2264244464379495e-08 0.002054863520012235 0.005010124603914002 5.104025134205636e-05 0.005966882936026825 0.003962562186034435 0.002216041035608538 4.770430593300515e-07 0.0015250414361665863 0.0014725964793313208 0.0004874425313083904 9.073176969270017e-05 0.0003519950269621315 3.6724574524451686e-06 0.002401367949862717 0.004358836746798317 0.0006948781415624083 0.002720706249629705 0.0012659724522227464 0.001311025207065152 0.0026674215122996447 0.00016174169551373953 0.0019641356134104822 0.00018371417334316458 0.00047732834232029695 0.0004211433120917263 0.006246136893781886 0.0007004191531351678 8.343087360414644e-05 0.00464144053121554 0.0023221708974958074 0.0014834705179661998 0.005450480356425311 0.0010381866523460836 0.0035297542926261308 0.0024174032394104765 0.0028127312021663333 0.0026932499518226645 0.0013396717844000698 6.21260775153021e-06 0.0015601902096500373 0.0034732742173575696 1.0476357249015164e-06 0.00017295423120936647 0.00017277806581827244 0.0017387360031411482 0.001687792672719551 0.0014502856142529746 0.0003851469652828979 0.0023519153927191276 7.126466193375102e-07 0.0003029144196903773 0.0002023903159151525 0.0018730429883454644 0.0017584137079143197 0.0012778386643067005 0.0003977959698422639 0.0004683134152763621 0.002014680354057645 0.012239178209582105 0.000715763542381191 0.003826373205343861 0.020258859002360654 0.03602068756967894 0.020900573377839966 0.02270290634555074 0.025526980867310842 0.023584409337448754 0.025075571955960448 0.021896033395154703 0.02679856777012507 0.027656740623642137 0.02558749996589252 0.031078148850100424 0.015202305352062672 0.02457744327313068 0.025870654224890113 0.022392637891318477 0.037856926499592734 0.027239319682315855 0.02782224141868907 0.025250550528121946 0.027109258946047765 0.006175229918628077 0.0013755163855705085 0.001134543303338599 0.0007927882770664495 0.0037921139114681646 0.0013479735716846206 0.007056890496427369 0.008078662156868737 0.0032844136545538915 0.002729575826202007 0.003486269019464797 0.007035182953444187 0.0032311443220389125 0.0019981651406217283 0.004706597088065841 0.000297090324646797 0.0006183412606776723 0.0025653859213983295 0.002463400589711969 0.0037219951162584257 0.001441273313902455 3.639620323220557e-05 0.0013979569423513219 0.0018018317479035937 0.004009440264014304 0.006735725154320516 0.0004072374563778464 0.0027848312959492484 5.6296231286706294e-08 0.007110517074467459 0.0007761300374629585 0.004129197300094915 0.00269494952402358 0.0005687555378986078 0.001276553528683951 0.0060875602550650425 0.001486290220050476 1.6226760135218454e-08 0.00021595579872274283 0.0017645970308081576 0.006554586962231109 0.0016093764840181472
0.0053059066231476715 0.0016009027196709105 0.001522447276962439 0.003783918438904623 0.004070137300714526 0.0002469940157212656 0.0017820750322598766 0.0027060241887044982 8.104923363350155e-06 0.0021568609205977972 0.0017080247973260817 0.0016295442907692964 0.0033067328910323206 0.004399243395225356 0.0029433074118103346 0.0030007679131859965 0.0006115083162825246 2.0280172454516156e-06 0.0018835038231456748 0.0008826793398998043 0.0024992675393805956 0.00016987547149721472 0.0009283799829407719 0.004304934889023266 0.0017848623788405862 0.002466464848224059 0.002109705426646253 0.001886994098857439 0.0001224639396982529 0.00018934036156508134 8.288655729738939e-95 0.0004538965698052831 0.0008754895645492739 0.001663198231111294 0.0006639772170465848 0.0032596102016487706 0.0009995928718728193 0.0005801788149829022 0.0026751263304080736 2.487471299934941e-05 2.2360605765980938e-05 0.0017500944142642256 0.00376655080187058 0.007020253365209132 0.0052612076987049025 0.001353575064726329 0.004069354551230287 0.005367617399173084 0.004707422912260752 0.0024828449780984335 0.009170701725845944 0.0013509316443154722 0.0007279231213119367 5.537708861653852e-09 0.0009439187857238923 0.0009307945817672918 0.0007601519261207214 0.006430836331764877 0.0036274190797408487 0.0008522849729037324 0.0005855113544328719 0.00029743373352933753 0.002366387754702894 0.00044927332624380506 0.0016204570998614278 0.0001616716853255725 0.005860951661492529 0.0017069071365879926 0.0024468981351118747 0.0048010003168118135 0.0025020937920563363 0.0032507914730854877 0.00318872624409612 0.002710109272790461 0.007015121172359902 0.0002648348636829199 0.0033275682972638125 0.004317153245326856 0.003143798968141393 0.0022190462491847728 0.00014492757693819006 0.003811300550443641 0.00597387943536679 0.0030288576623588312 0.0019984016887586798 2.016671218132366e-06 0.004356450645765407 0.0021630219433233385 0.003475231388199591 0.004209251439446832 0.0015729163572786105 0.00048817685803376773 0.007453770827459688 0.0018346635445154122 5.626080330492883e-05 0.0013543827468974973 0.002211362681826367 0.002491635469074168 0.00020186782251041608 0.001113247972987115 0.0022251780869677017 0.005902810114154339 0.001860387811755378 0.0012863299751598673 0.0012714843691657338 0.0013189781553899626 0.008659472741522034 0.0020787161990523553 0.006871437321868254 0.00026607207249866924 0.002162304992726109 0.0007425785725190595 0.0029601967979838023 0.003002813435508294 0.0011132145700676775 0.004843033242977764 0.0018828467629540284 0.002300905603654941 0.0019527325735488915 0.003047144324630427 0.0006203243406190606 0.003072527062183583 0.0030340354207108915 0.0017336079605578744 0.0014614185098374439 0.0045518742439353945 0.0019281028791872938 0.0038585324718055547 0.0048735826886785565 0.0013020946426312028 0.003082332605170431 0.007327500016777707 4.6432589385509756e-07 0.0019686514093710376 0.0062727617585001194 0.004497628094519205 0.0021100852815475867 0.0018562300077139024 0.0011152532554660804 0.0024567306072384616 0.002413387322212863 0.0035020539691257603 0.002271564944929416 0.0007141178460017518 0.0026664272964803666 0.00015950732836812913 0.005342435681662244 0.002907276636536794 0.004279976073852685 0.003107122199255148 0.002230962708663546 0.0007170971541532521 0.00609954303633977 0.0004418667595681334 0.0008737583737803703 0.0017231628397652112 0.0009372090776079852 0.0011828766610418122 0.0017180029600075402 0.004390117181718892 0.00011352172064654091 0.0013248059471222672 0.0019096074444055562 0.006181069375518554 0.004939868738892462 0.00025387731204764603 0.0025990087790529913 0.005955124725346907 0.02084119474035691 0.02468617488476313 0.030030398868455578 0.027157005524567835 0.024197617720053032 0.024037999081317346 0.026360918279456934 0.02167080110616472 0.029166947104543237 0.03948320633968304 0.027083891167114345 0.02391394466049674 0.026040542579327686 0.01983295278175273 0.0303935080248291 0.025693148119451344 0.02542294185190508 0.020987305404822933 0.02884113985050746 0.019173935886231726 0.03113395855500342 0.00028727235387324894 0.000757401455422989 0.0013773459785216071 1.474154053643838e-08 0.0010401936657294729 0.00011953870464504273 0.0015733721291471088 0.002403763971029851 0.0046892016807256074 0.0029124130804625576 0.0052113106316240675 0.002311327904072967 0.0006810476111694533 0.0012884985857100496 0.00187224417140415 0.0022370713123704444 0.002194887617630049 0.0007811307651149498 0.00034313201434210265 0.0012856745135130588 0.00467334472722002
0.004981710105796241 8.803595658214673e-05 0.0007380033959421314 0.0015247923640781425 0.0017344056779736742 4.956949273011937e-05 0.0010521717378898382 0.0033152935885840847 0.0059646863644797245 0.0021378681203719353 0.001077367546258593 0.0030840327738030564 0.0010581546059463855 0.0014242625652589169 0.0014754654007969221 0.002005136598575988 0.0007288330945902755 0.0009214961094330822 0.002160889814437533 0.0035292576783953196 0.0031564682959791153 0.002064270363471402 0.0013133970740816538 0.009813922084736542 0.0028887368817020736 0.0005379886489803714 0.0042226354681325715 0.00422662935942056 0.004962232087821589 0.0029681260795493924 0.0012656833516227204 0.0055788154897571576 5.128052679480452e-05 0.004603309168041007 0.0021593900890814035 0.0022990408066591193 0.0016405775628173837 0.002226799199557998 0.004028022888089586 0.000557081748949865 0.0001303502278495936 0.0013692940993658648 0.01044046930097675 0.000367983693717043 0.0010881575451259032 0.003029565521053822 0.00417004106634171 0.0021104008008871107 0.0014040942207316953 0.003781317106345274 0.001415708803860791 0.0023459868656736577 0.0016086409229371333 0.003159419262857857 0.002006663070608912 0.0027481921518716632 0.0046091884360066945 0.0016258678058269605 0.00029325303648517235 0.0003369992239893502 0.0017165432445067387 0.002496425370963037 0.002229766370462099 0.004973319010482892 0.0029639998723740906 0.0007464362396742716 0.0006524834394821016 0.0035591724813809384 0.0019244805629750122 0.001972100886596191 0.003294643353062526 0.007040500694831172 0.0012725203081727886 0.0004422962870316705 0.003776165075672415 0.0031851541538530266 0.004154118046624508 0.0034416429088283164 8.985468951139854e-05 0.001729060997863262 0.007667489697864658 0.00036154800287568336 0.008946728289184433 0.009306453607341515 0.003413400772956404 0.001014917161198806 0.004405878498002774 5.777256346173582e-05 1.3746381365457313e-18 4.77280662384785e-07 0.002920712551562501 0.0006000787264682551 0.001453400564563432 0.0007680706391102971 0.004186675791860941 9.896625817440784e-05 8.880952419030868e-08 0.005341131916802941 0.0015543933847888519 0.004665599453492086 0.002232630494422517 0.004815718254543777 4.3186816118835833e-13 0.001647275661760237 0.004154597914510283 0.0017704931573227797 0.0009676294935805611 0.0022378615736351973 0.0028366731392892833 0.0032723942237007616 0.004805796289456598 0.00023025539812748352 8.952547416625602e-05 0.0027010044221473756 0.0013539180256210387 0.002296775841202592 0.006138639026909904 0.0053197939149760825 0.004965844501925724 0.0035189135181563263 2.074350831643064e-05 0.0007992731503760755 0.00249859786848469 0.0014597059614372466 0.00376990182786245 0.0017429593088102342 0.006376705477685366 0.006431367344343883 0.004849218878043016 0.006379832922910974 8.550264157546296e-07 0.00483530925355324 0.004299415373645328 0.001595645606836045 0.002036457259313048 0.0035024792085098797 0.0009606281389197735 0.001950369883498546 0.002967918810676543 0.0003596310614530436 0.006062685417627522 0.0001495285526154612 0.0029658289293105888 0.002775338275058207 1.7567206693319493e-117 0.002750325856709175 0.0011998037449852813 0.002564839435488031 0.00041819463715562924 0.0013935946048085973 1.8326771394768903e-48 0.0011178392908388552 0.003302415868195048 6.700398182982792e-05 0.0018239141005076806 0.0005764985367752561 0.0019085621296282519 0.0025166190992643015 0.004884184749931578 0.0004018401591973765 5.1191921135077826e-05 4.701709538322948e-05 0.0016769640777815102 0.0037586783015597005 0.0005184951981786038 0.0007761415523710867 0.0022767511883533043 0.001194084445816684 0.000660340784962553 0.0018470881856680532 0.0010842096497419118 0.0017085439046787938 0.00010640647110461308 0.007366912058152906 0.0009667627567300616 0.0002758973811665772 1.8951026290160119e-06 0.004795774067593301 5.952950455806753e-05 0.0018046067295969216 0.0046296321450213776 0.0030580680949918197 0.000776185346629631 0.001933128231548358 0.0031995822248714633 0.002518832641062328 4.5029415133279125e-06 0.001593977492626762 0.00032595690736935133 0.0300597815680254 0.026889164719015264 0.031547979984745005 0.023445130527514322 0.02100536192125684 0.024810431186032305 0.019552123499030197 0.030835403737936296 0.017399379077057478 0.025949172796541197 0.03289747224575921 0.01568747203553379 0.028293543045835288 0.022565412548685968 0.020770721995002926 0.036561754054483024 0.024277031367553995 0.027633188598704773 0.019388525954637397 0.04019702770818915 0.026063090164831357
end
