alpha 
23.53447426954307 2.2461990307424493 4.174841521867034 3.212664555336677 4.535029950862263 1.1588713527867833 0.5869776811613686 2.557892952211045 1.2885014484888484 1.3743965581227053
22.1677864042241 3.820817057972124 1.5725603662466092 4.3724437512124785 4.487159597739808 0.9342618681149767 4.040100102829904 1.9017213516451985 3.631845146301707 4.038267695418193
21.10603280199072 1.1944114329541051 3.201936158466938 3.435725066851261 4.351803671802454 1.6714396122651416 0.7763414648176764 2.3709655052972245 4.502019439514906 1.163288892979959
23.299678356460568 2.0051933033475473 2.53465109898901 1.4892958406096795 3.3867052659791113 1.37034348178661 2.836649087159469 2.820013300343585 2.4358354051253612 3.752178315619444
21.53114938476557 3.338158058879425 0.5144948622660062 3.0814634552583136 4.940896400987885 1.3292443792365942 3.135774721303885 2.0454778735053454 3.389113541231894 1.4882144037268024
0.8785550968549116 23.04131089468534 3.567236674971003 4.715222316763433 0.5989373339020587 3.4173846136335606 3.3303433731979837 0.16650821392766357 2.0370881959859526 1.2693093531113797
0.429022646352461 20.274517937300352 0.5546185223722233 3.9021920961404435 1.5631940355407288 1.1702340636039454 2.57024252059764 1.1036409264661928 0.05196481246754758 4.347529421337213
4.2228528744466445 22.216043190496354 3.0451024212149886 0.20510993871054484 1.6393937264059155 1.2007169857495321 0.6023175524929802 0.0035932398575455604 2.676149230583917 2.587689848138398
4.338318233465799 23.16045937957024 2.7425367220950885 3.906254639673754 0.7008189366154799 2.6233522325531227 3.6594052776747494 3.2718875831335312 0.8685675471813681 4.8329023814006495
1.867858913933298 22.593872066979234 0.23670094585568346 1.5720360064080663 2.771387614588392 0.8261163865531856 0.21524641109686826 4.460577540317625 1.1816648255770423 0.5353211087504317
0.8015893084617354 1.202925336752882 24.67322176252479 3.361681115112842 4.0016711645370435 2.2254017423067483 2.6774650639311517 3.4807615072732707 2.4649982406289 0.26699326026722925
0.767881587688794 1.9651679061681087 21.953585389812996 3.422232186941974 0.36163176577776124 2.5451003219966517 4.044612376425109 3.7546718289653738 0.6875216279911289 3.7420185506788277
0.41052337895508495 1.9015563631097527 22.041147082521434 3.6349604869448937 4.97064824692363 3.288797483284023 0.36062969821850477 1.0553636837086 1.5349527198405366 2.7531668017298987
4.003917679852908 1.4204099012612232 24.86268509096071 0.48195143258396855 3.8009467148376315 2.878499384737922 3.916324824630164 2.3528223298757323 3.6928978297281523 2.0026864527163024
0.16534780448047293 0.7843703997865703 24.50235360408128 4.48874192229688 1.3206550193581164 0.6904605726198376 0.8314968145789198 4.8145870088730005 2.310332832208775 2.1086425446217962
3.6894505505031616 0.20383182078900441 1.931689385197621 20.263865734657536 0.42511037825927744 0.2939557018743649 3.575906737242934 3.408154124961686 3.0038504085171303 3.6011006430101133
0.44419482042910907 0.846725827728263 2.7946597498939987 21.063003014683556 2.3725470134500126 0.26184388660933144 1.2531345494204182 1.4101694515079743 0.7844479947350641 1.853116901130543
1.313191569386879 2.760804816194397 3.246452538452358 24.957581920787486 2.622658843846353 0.01901634207112146 0.0433394410836041 0.0928155699050226 2.1168507628203628 1.5262056900938719
2.339125505187048 2.025889153937933 2.5406440808540043 20.18259521438983 0.41903876708268284 4.545274702569699 0.10813636180817154 1.4130273875523218 2.8630968498403755 0.30002338467560563
0.4967017645617178 3.5159644868360984 4.3375202009151685 23.039593431167532 0.04795282201405404 4.9207354832053145 0.17119927713469152 1.74007143458691 1.953916063792056 3.029527000086717
4.040750135681407 1.3194083051417578 2.4289004659643183 1.0056247826572036 22.094890728518045 0.5851208756036924 4.829284910983737 3.916173128876821 4.1140369046344185 0.7372550878431183
1.0695686309678671 1.2697601907139244 4.280016072976923 0.17189033110447172 22.194912756240207 3.842741364840274 4.192986399278366 2.7320465574763366 0.5056219610505719 0.5162012803224963
3.7764556734738832 1.2273709341531065 2.9144212281217383 1.6241553390393793 21.63843002440166 2.6736365629259904 1.182933726217471 4.508810068937046 0.43226194827089726 3.6218610676502463
4.249834265545596 4.299273750642705 2.269292058695829 2.037019077192296 21.576575082831692 4.4022623096962405 3.672828774198944 2.1921013301498933 0.8430870533501894 0.31616772351463096
0.38031610892088674 2.9999174180812718 2.0918708368417596 0.5570139559482334 23.609277966149065 3.5553351654499354 1.0546153916667271 0.32429276126105244 0.15210483433248267 0.8692790881842433
1.7138932919130139 0.5534350818626471 1.595283070830802 4.4159331985057095 3.832180438948525 21.931975807974972 1.093190439841848 4.737096083799343 3.942615291658344 2.8973183633659967
4.845881779812854 2.1064740340971486 3.815181630876511 4.8816901066862375 0.7132519924796982 24.81089806518244 2.900818872494977 4.695663715864292 0.9436329778929792 3.285718833855465
0.22727529776117694 3.589749120672012 4.925000019215096 2.664528484391152 1.7684442598248618 24.567949575621576 2.024522334115544 1.6003145608010567 3.9953177845846453 1.6323871494190674
0.2239756168635182 4.726503231784475 3.990514642714111 2.704757401844131 4.461729534223352 22.96159946550457 1.8787422015494837 1.9554461502559295 3.980522560946664 1.9753846414201492
3.7937038724880963 1.2336236997011945 1.6490037979285888 3.0006875591141653 1.8625552607895657 20.69250485597443 0.11228399546317991 3.1130830077780542 1.799742638507279 1.6679674807799754
3.4734536215922263 2.698524242512399 1.243581215060647 4.768769176835256 1.5172790527471858 1.8941943415362723 22.476052415224057 3.5960407864213377 4.757706832555098 1.844260375149573
3.0351656902069193 2.1567004470894027 3.4987093521291395 2.9155032152989384 0.8631404108273266 3.519140749329213 22.349274837180058 1.1457290473864763 4.098096343390179 1.7877305646148633
1.4075835463824489 0.4948270605411542 2.652062204129252 2.1673454314817047 2.240905891624461 2.5691504061539696 22.761237206848627 2.946113900133394 2.2022160376048006 1.3199637572397516
4.428821649489961 0.5610580692234762 0.3530515355803904 1.561427746983795 0.5556195118609702 2.875503122940985 20.167985386500757 4.379635835624068 0.5713559648442035 1.3929176593421273
2.276286167116361 4.716736518302488 3.0893578230961727 0.359295364917655 0.46775497103698327 3.25771192952463 22.209110693199154 2.4893733848409694 2.347766630121299 1.4820146126930567
0.850752694139093 4.457223683459945 4.728238718994086 4.500870213750075 0.08501678719994743 0.13756718035150328 2.109527647185685 24.278193225209026 2.68267706089573 4.5188793474052416
0.043292255428019066 2.876746423143675 3.921797404483369 1.0348951136865918 2.2857523229710996 3.8536897281744182 4.679603941724686 20.931383638130285 0.4491487089570695 1.872431529462606
2.7747868403674634 2.0954168288442436 1.0908113981591927 1.3727661684724906 0.20156763483120177 3.710627991734987 1.6714515052507084 23.559279540095286 1.0584666514304693 2.3801739925045338
0.8546489753608311 2.6836630089511635 4.567996061936183 1.8057511211865114 2.699970869838193 1.723747445454814 1.3573587447425206 24.25660992226468 2.84573517878158 4.384745307469585
3.769481609271146 1.8043884400876598 0.3246434393998465 3.0378490754410525 2.7733788763064253 1.6371933179069198 3.917669760456706 20.595894629607155 3.0191642970319994 3.7988327152606978
3.7321873943060746 0.31595592159828656 3.334306029323255 0.7200794514707359 3.1675079217208797 1.4856276996469804 2.3966468826992475 3.440599778573948 20.74229245821098 2.1877125357027003
0.8150574068627175 0.3835624515151387 4.643408310213755 3.0731721330036663 3.1552592764180516 3.4781590251344414 1.7039237508562122 2.7756333366118873 21.2132953876297 4.318339696163606
1.9777018488211162 1.4566456162183095 1.375544510315323 0.14721776100835526 2.973035643607489 1.8601208994423684 3.404600690804456 2.3434968905913767 21.10316143962589 3.513884121897674
3.6643049443777267 2.2464817613006334 4.150747555342953 1.4600885260360026 1.9038592746996645 4.859895800026523 0.849756389750484 1.0462132425330544 21.02277398476459 1.3355974166255558
1.2434086250295002 0.054974520430314255 4.781152543049007 3.312809447786666 1.2888441411011393 3.659809812836956 4.164569113554667 4.496323679418424 21.91221433448399 1.9591146488672384
2.3140963801872267 2.909055924021597 4.439091282605449 0.9904657281020751 3.1690722344227606 2.1301773478127135 4.737533520079164 1.2076117244881175 0.9702541145893945 21.076689394192865
1.3773337630819082 1.6858719648596026 3.8988957651695637 1.7579316199433155 3.393353391440713 1.5353763122794946 3.6833724026054675 0.21617127918055978 2.4531612504866356 23.704963507871256
4.446158254885523 2.1695233590253538 4.329620199978354 3.271025315954181 0.26853907151227985 2.8434019308800225 0.3115235080691675 1.7970083350076504 3.1554651396538205 24.16140280545079
3.5947620317346356 4.63100032745759 2.653641821570158 1.2362226326930732 4.7702185791492955 1.1449422514527448 4.893139173573609 0.9241917554710999 1.9806318405571421 22.29945776886751
2.853434286070476 3.7871078730758576 2.446320085060496 0.16051686844906543 1.7380675962262393 1.6269350273283911 0.24641144686203986 4.06541601288588 3.7476000980317528 23.888190629682192
end

beta 
23.25322827345543 24.140297210897927 23.860007260731635 20.92587287690688 22.33216586878286 21.08204402805977 22.705825080353875 22.662270407702405 20.55375377769815 23.804477089544815 22.889728621476763 24.707789914117782 22.868309310029346 23.865309832960186 23.81392161252152 21.494436822119713 21.731440573397908 24.194001379145874 20.236509948463013 20.31548183759419 24.071161135767014 0.5113221620545372 4.607619573435349 2.5368186199776837 2.405574685522534 0.4114091086187682 1.1390751362603817 0.6682135234327247 2.8995184341113904 1.0416291589681141 3.1553355755209256 2.3596170433992762 2.7558132569225458 0.3713324873056695 3.425505443960536 1.7108907072304957 4.936553605031597 0.9938930032137916 2.982144566449599 4.533833514231898 4.916661624611112 0.6343413386200009 0.8873019725563153 4.824040819655496 0.42311282162151687 2.585488981290733 2.657030489704275 4.11797713914409 4.690446822051502 3.3532230077160636 3.897163128664233 2.064759394292224 1.0528590199679018 4.208372716802583 2.7379731874681785 4.268693182282368 1.1473109644257584 2.540756207614115 3.416675005522614 0.8206040907812157 4.062405278303697 1.6335614958460982 0.8509997178716233 3.0942894116253394 4.767282359123543 2.7491520388131674 0.8487119510039293 3.0617470505066935 4.348539203786269 2.5853495496233485 4.158446261802967 2.875206489373487 0.35381605527044 1.97154792383613 1.9272417791250458 0.4432113688849365 0.15832634869520967 1.507711310792268 0.621420757418012 1.2827574816455545 1.9845346467395046 3.5229286517011156 4.499337502280401 3.523753310796622 0.6606490617108912 1.8337401742312787 1.5134365179273228 4.446749720927495 1.6759898141003475 4.956899829968217 4.120560198954023 4.11125768131217 1.1029023059009662 3.8653429096584735 4.159588727938054 0.4371216391195887 2.0658886793181725 0.8851659730944661 1.509952881101183 0.55158615857969 1.8469284665188694 4.306885673331383 4.324964976307598 2.8949160983655933 0.3037577639678535 1.675630590892997 1.6161552417011549 2.605522762234758 3.859634826349919 1.2793200549149892 4.83675794252045 2.383694989957841 3.8004005049659013 4.612839554226816 0.3634923812867713 4.025152024334112 0.5429508166110447 2.147368284566937 0.12859665670397646 1.8047001944412089 0.3763933422197868 3.0724555136058394 0.7690707973187139 0.16400107571673428 2.500299816958292 3.8387876047958853 0.7103646201385205 4.942335588482804 0.06083670182271406 3.76522166925401 0.4043855665211282 4.807969578717056 3.5133810000478882 3.3795607630886657 2.796907996202347 0.7109162288560378 2.05513177268772 4.954542011170003 1.2929161874388462 2.3500815372510124 2.252904690849056 4.68317197267008 2.3711426195862195 4.225575512282583 1.0809662874008157 2.8532269413237494 0.12135399655927026 3.698018429435766 3.208758408899966 2.6933534681391 3.156441732083486 0.34116466768076226 4.06412247944835 1.2304782144006199 1.9932875924817306 0.7479342153392599 1.360686431869396 0.11863516180311895 0.6893754289180559 1.4588533043262508 3.793106498508662 2.970410871378699 0.22450949643248286 2.531720736457068 3.904753855431224 4.481632558497606 0.3548984990486814 3.1068380044892474 0.27177543832395734 2.818870661861923 4.134785137149711 3.248117837742624 3.558888779202938 0.4423073468439198 4.939265352894589 0.588443692425546 3.8274882710109153 2.4392159588426487 2.5376753352542365 2.2165986574084378 0.8813845652088614 2.6209889212076525 4.014896238230548 4.1876483166226075 4.101760916028599 3.0725417988314243 1.4690280705965963 1.8649659692653846 0.4284359124449122 4.88608412599506 3.9598887378789875 0.6815478861313529 0.7740851069535176 4.594577657921339 2.243191715013218 0.662205763055651 4.650783040684481 4.977703391036636 3.8154819120541146 2.046044546913233 0.20845777297543 0.4497843861308015 0.9446845245541358 3.8851359479021235 3.707688776882929 2.709058703592711 1.7578988530994617 1.0188137083243092 1.8946641030933287 4.61570411465995
4.633775157036143 4.667165632883148 0.295991460498814 4.265556774072703 1.7374469252996798 1.1180193824717322 1.1257813068646212 2.4156948647931347 3.879240841293931 2.4252866455354005 1.0440848848258366 2.621901566550171 3.80641951942158 2.0164099528186554 4.081277674687007 1.1371707535315179 0.09379951563137479 3.2962294714333993 4.715292691411299 1.3067822186177618 0.3016131469128863 20.28366026442723 23.58429099969294 21.46871691623543 22.75862394897276 23.815905836948225 24.406431951063947 24.750206430202812 20.788060443271203 20.72443445369981 22.67560853683529 23.871309245604696 21.976258982662866 22.48870625472588 20.60675696113895 22.378273177554213 23.84672044616861 20.022599521642444 23.68137415220148 23.704022856797685 22.76176287268581 21.21686453860867 1.5539507000096946 2.6322510910093744 3.028507137874618 1.6040566138770802 3.5302526383804747 1.5128966958186858 0.9837113038647605 1.5086402719852643 1.5979959911349821 1.459777436922442 3.646824237847151 3.832243839304403 3.997260108267687 4.097679761442859 4.948153422685875 1.9512181818569407 3.7576504064441507 3.2850326107089742 0.681601698473942 0.7052416611670043 1.6397571770501234 2.7625427763819927 4.905476660193049 3.6748341478412656 1.4058549494372556 2.232098890523593 1.2504035355270586 0.08238673754961179 2.9472869828263706 3.281053772548781 0.337005212742702 0.20972112099313378 4.143859650331116 0.992788245005844 3.708097633551512 1.7009538484327762 2.957598931949374 1.74495266764279 1.2782701034421833 3.2450740602887995 3.591153432225021 1.072626275640678 3.049690339840385 3.49728129823459 4.303601778605747 1.1764561771018944 1.0736483706363997 2.7692003436979973 4.2060576999590555 4.714296938557723 1.5956394102019422 0.7470286196770937 4.735935298787281 1.0699980536118208 1.660734835866905 4.207803213725537 3.6934736407820914 0.9779999687749796 0.18715608313578547 0.7837906958137014 3.675239009778441 1.0254802253647881 0.9068172457480733 3.0311247959067393 1.800279119503272 0.46538348398161067 0.5907565879745325 3.869718508272397 0.7600968618930709 2.5766009573006636 4.64824177341065 4.111279536254601 2.3169634926535854 3.4057567238134916 3.9704582739759027 2.762236508455154 4.127708534900817 3.088606988557599 4.558136113369685 1.3006631176152177 0.6883621892629138 4.620417863247224 4.59392837988977 3.568178018257906 0.01551015652788812 2.141181576854818 4.943893469202237 2.3735907340313167 0.22087262184867118 2.0952311644958623 0.4799771840450473 3.8955568275154224 0.9020717336784778 3.9166294334910443 1.080763830704613 3.1117152908406216 1.6622180064058345 1.0828698033993507 1.8347522436625419 2.2441637016404004 1.5361505360785492 4.587980562983105 2.272004429209687 0.6628176090498428 2.493845982189903 1.492012833027695 4.809083822852313 4.416197741178633 3.9637834104768865 1.0446108228335338 0.4039966934977218 1.6432563404882177 1.548441998277058 2.388968211220839 3.710038728090899 2.4949245411516223 0.4054814615353036 4.350222243647029 2.438273324108262 2.8538853528046904 1.2768610847247608 4.048919554478064 1.4257745828169277 4.555105735285226 3.0319120177762975 1.3613862243852592 4.959848372684047 2.906182606635785 2.9495352930629712 2.6208255879346556 1.8230779068297376 0.7440327369969357 0.7453180809766902 4.272115959193556 1.6381367559653421 0.8759573450369357 4.844152030632329 1.6320072164212691 1.951515341528819 0.43366297205489013 2.8122731284414253 1.0703282498476219 1.440847263977238 4.030470103388998 2.0367703104414914 1.1266601326364563 3.4415388648468004 4.099878882259038 1.1902319868129836 4.820708837143513 0.8284081160272899 2.4247891390378533 2.1974649210265595 2.4479597874440486 4.248881139152872 3.647402098837918 0.5716234389109098 1.3491749466990666 1.7994487465860498 4.687303338312394 3.3180649573559853 3.8143033610527572 4.82346058014879 2.5174370057697226 1.645316247155459 1.2749309474173414 2.8087984847071326 0.47799566757079803
1.8211941573986796 4.353805400507792 4.182817125481778 4.498783087006087 2.3796023691330737 3.5404955608548767 1.7890120236209672 1.2232406343824471 1.8024264653838578 1.9631532691118059 4.531173858441032 4.716679861373595 2.5076044664050285 4.1394722515831 3.8932210909082503 4.826265592651156 2.418558716732671 1.7343284577428668 0.5988742767395316 4.510397489715305 1.9711107895925084 3.100531279440059 4.214205051602477 2.466853753484224 0.06498910642096012 0.6781986405299484 1.6699833178042245 1.4102415435760096 4.398765911999678 2.2143725247507504 3.1954841878810116 3.944491573576159 3.7153218704040696 1.9406862055106737 3.9057067067244637 3.525729163467608 1.0979201870583977 0.546831317504628 1.3324205377932845 2.4507975260533565 2.800657248487739 4.515165467416899 20.101845405233853 22.51808530399103 21.58243800253703 22.17767002953719 20.96145769906596 20.29023253117521 23.15481382444388 21.533489089058833 22.0967162104837 22.72973583636683 20.067832905227196 21.94394490928595 20.990169887087067 22.38604352625561 21.81126079303711 21.1798355874891 20.32178318412502 21.348700455212242 21.73468448776504 23.84496186369119 22.495960837137783 4.819330712268441 1.296584408064589 2.6664073084437367 4.847015131177422 3.9351508878242365 4.572077938089196 4.658593881778597 1.9604629138771639 0.05754888582527706 1.9198925669848892 4.822223890674718 2.976351173116467 3.381926190656119 4.284346054611284 0.6276373203174163 0.5999404040230938 2.85301998865577 0.7247953056733819 0.21658049143888913 3.5522905244992904 4.8500438551391145 0.8339910120103994 2.013453939804837 1.1991889601123313 1.0040734717128381 3.1188236894425265 0.7129593935296169 0.8416994497626457 0.017159998573006985 4.810192585525927 1.2896328016019176 2.149002121641998 3.3117711259987592 3.312377007919679 1.4036379754615758 3.461978170285609 1.3248960518532353 4.999591942550854 0.22033184911961823 4.675066821219182 0.4003668314271336 2.970309504578293 3.7971243865906628 1.004187744437025 0.6423974197624421 2.508573574524935 2.7993935111555173 4.722859221440885 0.04690067338222914 4.048441739399777 0.6604422069853683 4.024086759753652 3.3626983886400246 2.236320690215331 1.534289514760368 4.175745325277952 3.377128755134231 2.004896866940312 4.017754593536258 2.5636157748059634 3.05602887381705 3.3771020134673435 3.1189887245531542 3.514256311401818 3.169443191567451 1.973176821577085 2.521500143394503 4.697600440230732 0.233015808836759 2.390309062261195 0.6422305633335679 0.6477570024464746 3.527813203103668 1.6083280071951793 4.526573021926143 3.915559204056129 3.3344137784988215 1.7411606079183102 4.123031619018633 3.1463224073702283 2.4499120027440915 1.7005782056359386 4.472802426304484 4.127113128435139 0.825218762949052 0.26511964959060774 4.342230511184649 4.104813811876383 3.3686164397290486 4.362296220528965 3.4296161042667928 0.48265797598648796 4.46347411552763 0.9500629104388209 0.5764479555003094 3.1287565056526327 0.27059661375471555 3.171929404197105 1.2534803745526257 2.2996315275201513 1.1011653582621 2.958561437176022 2.6889928758638404 4.680640141547289 4.696676707395514 4.7478320412127974 3.0176951016590525 0.04238046845434218 3.632647078161842 3.9701455330128876 1.4050645186632416 1.8360850335752898 4.03469743845842 4.008868906557428 2.8150738629980165 1.1018430596049056 1.6536031806891494 4.728457766432187 4.144959961945217 3.1869885641522187 2.0663546331809752 1.2825129413268228 3.326421070488273 3.0472683121645017 4.754978002421437 0.21014713010989117 3.9287575370184644 3.625429570279321 0.8431956240948818 4.880688517008018 1.3296932344834878 0.2237922219405919 1.1466153499314236 1.4249590587941052 3.749981326119685 2.756503755279824 3.8064879131890454 4.581734415865155 0.11772937625708191 2.1379671808654965 2.3170186885907142 2.1938997085157945 3.866412887914956 3.180491869433757 0.2110138187241123 0.4136028198324765 3.0281080452123037
1.440971727508401 2.4413347138810733 4.589699272883226 2.2236874684744103 1.4507428147609707 2.945892869364771 3.783037870716927 1.4853935447046758 1.6002837090098105 0.9690785816922326 4.953551846117879 0.33648351621976325 2.71946818202281 0.6856796980373658 3.432265989347434 4.81318350382039 4.315541693706779 3.8490209209297706 1.6426138370451493 3.8231173572300445 0.4674985663162895 3.86727790955699 1.1891852865822683 1.4059145430617326 1.3457409640121059 1.5788594592279366 2.627589041551766 3.0150757068461504 3.9898726023449758 1.8297962018415448 0.9796945547024349 2.0317645103707993 3.329690870456965 4.4226124294737925 3.7695597370269645 1.3874466175727433 0.5208572658409144 3.2063844469629292 3.08251768072439 4.433914398634638 3.817705743814263 3.5650098745714747 2.510680336550549 1.2535280974780971 1.4064608854479421 2.2565396035459333 1.9849205363581301 3.5003878008122955 2.728635676215005 4.318990805047111 3.898589062270596 1.7870527015824977 0.05561247739560404 0.7570923971283228 3.7851931985835723 4.412568453589128 4.596290410955889 0.6069627419598994 0.604354579246596 1.7789455833090821 1.2582090647539061 0.32347198289729095 0.06702466574432464 20.555171606906132 20.950116928750973 21.37451405120678 24.01278481430457 24.405599411452908 22.93853386876848 22.882435579529318 21.651506350887917 23.47877398913593 24.422775710576413 24.952373897541683 24.61882142173431 23.087648794061316 21.133200077577687 21.475186051855946 21.514437666024378 20.148426694062575 23.567081843357634 24.849894301083093 21.132700612603614 20.673153636468683 3.0752774875432225 2.509084672185591 3.9708871881261447 2.2392928840485693 2.6122403036825856 2.5267645695276064 4.430931998491733 1.1965015364568772 1.0809939911257733 2.4973067992865183 1.4202134525127046 2.0450489717698375 0.7889321249508685 1.6230623050642694 3.366419816299288 2.8200553991060455 0.07155287192581683 4.560181077016223 2.5184721539023895 1.8753111762527097 1.9129850957842054 3.7573210804641564 1.1480279078036841 1.5725902410546717 0.6622055279563288 4.930767477052383 2.0209721323843683 0.14359076785523783 1.9702950399951429 3.297251124403762 1.7951611724876453 3.869555784250987 1.7344543306674414 3.41257898271495 2.305988155934793 2.3385819915383603 4.991726761364047 2.03772361093874 2.7951117228888838 3.804145004779113 0.8160677370161734 1.709875184947221 4.3813967728389756 1.151901111963206 1.3832816077280836 3.448291726685835 1.8452691173583813 4.612423859968912 0.07650941268445732 4.056723253379348 0.45475987124208084 1.7513770515281553 4.498988523487594 4.076709013053022 1.154233193390971 4.00070141892874 0.9682989908483419 0.7325642203010424 3.3076015391408182 1.8702069504571694 1.020762465732865 1.4247568219472762 0.9053707975113717 0.03114781348266593 4.281735325086467 4.388772639093391 1.431899665493947 2.631535981647008 0.8751787008764655 4.311657748715747 3.6520097862252876 2.8022905353304104 3.0830295733798723 4.6788653330811485 0.9366350022439895 4.971815629646344 3.4764077962827296 2.9683291333095645 1.882931074379478 2.079130823212421 1.449349083187641 3.3570183177976096 1.1031794335223362 1.601283088828311 0.9916814950238662 4.310310528060601 0.40741219944734175 3.6669398316346262 1.779963888238827 3.5003160817577945 4.849078111508151 1.642061939117458 3.4868417786545263 0.2581080249200879 2.694682562547639 3.069263242187319 2.657345546402023 2.9264272648214367 0.36984479748729815 0.5355063783093955 1.7501564186193297 0.11592788051923986 0.9407717567246626 1.9231637012890723 3.0420590462094292 4.285973187254843 3.8746214825053906 4.266289639458524 4.957057531118165 4.544622727116324 4.687842228682537 0.20456772471373286 2.042316171807329 1.173373347213143 0.6489531719825486 3.009639393723551 0.48783846279814413 1.5956527347445848 0.8160827422293943 2.1751345256477004 1.1374334916105684 0.7946032208089027 4.3792683341480085 0.9528240836969998 2.719288471760195 4.2280845403824605
0.017791837035591174 1.1498931831393993 1.7246445713956893 1.9496111300448427 2.9424278838823543 4.246669999933536 0.29793613440563693 0.42018967230741555 0.5402382757763236 0.9969992293417052 2.034063628811496 3.9276744918674185 1.9383195847704089 2.7882258750231665 0.9886866808801148 0.7680239213670348 3.318839144815369 1.5261804754361952 1.4696103261049713 4.048570916169103 0.9244303812654825 2.8132836779863046 1.7887779845016916 4.1864312772777765 3.1996888842332205 4.77936629150196 1.6772479666996754 1.8041590265270764 0.3449584310219178 3.896513626583066 2.6587790575534105 4.011841401567937 1.8067306988781473 1.6263770189352726 2.954484639265049 0.8311236667014094 4.188827405270783 0.5930958530067176 2.571357784654802 2.007261185696218 4.837857809325257 3.955798707276448 4.4251089744849335 3.7445262550705065 1.3829919118951062 4.077335125119271 3.6158836518108513 1.8901773777094644 3.064997658009485 4.21838010961702 4.533062386799329 3.4575742909674427 0.11149407376720988 0.9429069869340806 2.8431191564094513 1.5326664418849205 2.2243893692090606 4.049945837958305 1.688767382285945 0.1304981000336941 4.878230520114954 4.445605652623743 2.71217078860409 4.773408992521727 3.097486394278265 1.2446899629736792 3.663120867923853 2.519502188801731 3.0738069705040942 4.911666029604914 1.7406607481935932 1.0382304591644331 4.342685444279069 3.577862812813714 1.1036247994958104 0.205905580295479 3.042859549145505 2.200158802903856 0.8185522670805895 1.8673740490945416 3.179330492793884 3.418904412148988 3.283573084872397 0.5485234389401333 22.920864286306017 21.894177689919676 21.169246104441616 21.943066493501757 20.17983890037405 21.943182110341617 22.343864983965233 21.155788076786532 20.47890684269811 22.259788589857873 21.466239580952685 21.02381388518472 24.937996344022054 24.258923047158106 24.075751714355214 20.30181811619852 24.564088776293513 24.36676580538316 22.509562799184806 24.177974080625177 23.685525246166492 4.357694056823414 3.154070867860488 3.3050837160163122 3.01183858712501 4.282802007259782 3.8139014400412874 2.879355340305004 4.209793829197651 4.126664075836277 2.8802271856239208 1.261204244890498 4.4920455160403865 3.0113277520952986 2.0567244254340302 4.636997354212564 2.486511949746306 4.950769316483681 2.547088729290581 0.6462226684053879 2.26970602051232 2.777699837849212 4.737317014690127 3.8509013632234144 1.9250544716935125 4.63411631701544 1.52469244484576 1.3688869555015075 0.07575395581217892 2.231162377619315 0.40228462581427427 0.7339805320505455 1.5038983146980618 2.8409168309267208 3.8325317628822426 1.5835313955806578 3.295529837203581 1.9339743550575006 1.29606932244975 1.8725906756001272 4.851377343096137 4.920183963852311 2.4919744351935176 4.426614208604255 4.795064415067939 1.31094872321549 4.219902026556249 0.9699082718572816 1.8193549415773547 0.08075431831545798 1.9137629871957302 2.902976940901303 3.2568398347065592 0.33831550659820686 4.265769059499326 3.6952258690122624 4.33377933425467 3.0299239117800605 4.220735568157837 0.4541176820532977 1.1774229220042975 0.8764003719906432 2.1623171140430015 4.8787211198706375 2.8438216193539323 4.444830720471644 0.1654606772904188 2.324008733075667 1.7675610706395917 0.2501975231973036 4.988317145608039 1.3263228980494652 4.664845742084153 0.9765290325793408 0.9519198034354087 3.6772940957198044 3.353054168185789 0.9330392834753559 1.1379684405674928 2.9192925504682514 0.7980100984877914 0.7761682636277539 0.18897341364833953 4.970667246427646 2.1828653836642333 4.844938163978933 0.29735469540719817 0.6537593251563617 0.09454331484153755 3.112530485604203 0.8429909247054279 3.975202702446512 4.846234776284895 4.540806357069926 0.30388011265466086 3.712675401678806 2.659242749610258 4.872214746212412 2.635250599036567 3.002490063329124 0.5793631369972535 4.530615916507326 0.10728761666028208 3.10315006435633 2.652435110605873 0.5938302871244361
3.964349715102803 2.934919288813269 2.4414077565658037 4.3795162049362 4.353373329422101 1.819806193316162 1.0817128941901322 4.3397531357708905 3.277191798707642 4.683883166123398 3.494512378713184 1.7172915814193601 3.932228585095311 2.532261437195333 3.957057279565846 2.0250668963578438 2.3952912759864544 4.321262447661852 0.5695709479408961 0.770599344898098 2.361026175193052 4.103207132234235 3.201649397679752 3.5237724338143006 3.9963664934559944 1.6341484223068066 0.05324546366120342 3.7588072599790294 2.626306923823046 4.617990650207787 0.34873191059079545 4.381564415662043 2.5840580385302574 4.675522802740632 0.732781973651554 2.236869541751394 2.0688259439822914 3.4768382349505336 4.25623024201259 1.1279691376851204 1.1336195932532034 3.1798048244569035 4.41539087773023 1.6077648639595554 4.202584063480266 3.8754277954281244 3.129508882683597 4.7364178872581295 4.301098261241275 3.4468584309943475 2.163387424417154 1.8281258738339756 0.1533345579730916 0.10408533438967249 2.392080945189365 4.575769523194244 4.3664184068506335 3.8887717635295616 1.290418710683006 1.6775784886284324 1.1008288770743917 2.7099665100877184 1.6329081794922646 1.8751902949799164 0.3646948456571508 4.884071663548094 0.5369924757352745 3.167108260631008 2.8368710872240674 3.7063725946677293 1.3764528847250967 2.912231775640266 2.0547615167346898 1.2412108266801691 3.5425593596834655 0.2726338712982379 0.0018060110125012185 2.625687131053777 1.6756581628312168 0.057563789047442304 2.291298846330218 4.814479878537456 4.607995318247795 0.45218670524312776 4.953935721287245 0.9096710142794878 1.7912871360688003 1.506701927568352 2.831986393452801 1.8942561734697605 1.069515396249419 1.19366023815277 0.4362671213162933 1.3657573542761747 4.102583487490022 2.28135804294321 2.8234163413064413 4.100329915027897 0.6608065201014562 0.27153216397806323 1.60339506393533 3.0872571384544374 1.706264133958526 4.331354125661566 3.770838461898383 20.01797520982606 20.11038226945088 24.10091987971976 24.98757703505715 24.298990683626226 22.42491299296969 21.082541661103566 24.33597918526751 24.47221052184041 24.69174608231848 24.60195955512201 21.63193663658214 23.47771880885776 24.679248693069127 23.94443988454119 21.259729368945486 21.441108290425923 24.390355476743473 23.681133695577792 23.521243986561192 20.715323731695413 4.38966016873929 3.3179896265560123 4.363474444954635 1.9096395681333056 4.009795474887707 4.420317573849907 4.399955023107104 4.403466313119305 1.9672113267681275 2.026456022030667 1.9421161325898546 0.1387655980502106 3.1204115790779845 1.2704182930153896 4.88237437999247 2.5702987992048465 0.38350417495843947 3.080315838763064 3.8396105906076885 4.125818016574396 2.6253688349693065 2.7943479456185827 4.64093175023679 3.355231142459902 2.506662111144624 4.747006014149555 1.329468930965609 4.203377069716475 2.2915976444613078 1.3748598612329417 0.2317386273563915 3.3760574478520904 1.8108493277233428 2.815624417450216 2.9035652811958808 4.123958870790031 2.444314895599679 3.819198538247932 0.9708096107407654 0.024959140333397634 1.0174062174537057 4.543818779831227 2.629489925831402 2.814774281980936 4.172400868415552 3.7700203670984873 4.245088085761102 2.1069776981480963 0.5959813342780773 0.9557661836223602 2.4251723229889324 1.4387222288852841 1.2321420891140422 0.4379057517562107 1.3323341507861137 1.1307132774530486 1.6900959335219434 3.7265409570804 2.4650659827466113 0.6769928587156238 3.4439572311181506 0.8886314737826884 3.639847480873883 2.4383595257431234 3.0266151081054926 4.038759491066711 4.463048905682102 1.8126353953551892 4.563921797237248 0.9098240342647851 1.5564157730144734 1.6002580673772815 4.11785151468257 3.6083349903540634 2.4611150495788756 2.285838585864654 3.636426074728087 0.8383850070068893 0.7946495326014041 3.398109881973592 0.4503160046779686 4.80826199590336 2.644010868784692 2.826448698653376
1.284480267594919 2.1240653948234947 3.019465777161697 0.5073485542420964 0.11574857547022421 0.05525172736706274 2.8629731774554124 0.9104965903731999 4.631486444062663 1.7811039383140619 1.1592971925128164 4.779928645651065 4.499026787543045 3.815859567010982 1.3281214124621137 1.0737980468393127 2.3539765906595416 4.112415138435949 1.7098937946248167 0.26431081475557616 4.02356733948559 2.5509282670108275 1.5465698758635071 2.3564528929080852 1.6574717347976682 0.24233644875424454 2.004139688543598 3.119530280364053 3.951528668609221 4.681489228395595 0.6135433983553451 0.3302249185368272 2.092298560253302 4.466583436413221 0.7487170042730401 0.8698472374604688 2.0535594798572614 2.5698070656742127 4.431304861196431 2.0878161545005565 4.541342848460732 2.5862145131361274 3.203472159530636 0.43876807337183077 2.656817284512305 2.764319288159956 3.909867979502786 3.4012679713488847 3.558015790333112 1.5098172444097901 2.228108016495483 2.913424681184375 3.988437872999315 2.075972516697269 2.806769512690885 0.06808088488229835 0.6607161569935494 1.0745121394353458 1.9879124427693888 2.2402038248114704 0.950546702975793 0.6168025359147727 1.336029392134182 3.672580419107789 3.5738577579297637 3.4420656380053662 4.724718096200231 0.37437885812120264 1.8858794568823183 2.5811139134657965 2.294877259528177 1.4685811969871292 3.534495788540255 4.217017375704233 4.608237319636092 2.1850367587708632 0.16604047449861048 1.6197864246489728 0.3357608498398468 4.356209377528012 2.1076280494465087 0.432622208939481 3.587181417012184 2.6257941060077954 3.3669669467479384 1.1881998445734547 1.9903530561346732 0.5456141001536929 0.34049906191934487 4.2035229605172395 2.4865336510550566 4.408004284211565 2.634871922172718 2.7128922727450417 3.7404748576802587 0.31236373213892277 2.479904963175131 2.827516499416439 4.7340503355741355 2.2685311325446307 3.193399453644642 4.62322655268257 1.9715946171596404 0.6492672510787817 2.9508465155454107 3.947330847396235 2.658510874220399 2.8356427015962717 2.532302574948812 3.236921879947951 0.24963802237972954 4.035925018754212 2.858181781888423 4.544123970000417 0.9880466044322356 3.3355098075729313 3.614411984350573 0.7855648202989279 0.6872422496971181 2.193160763148553 1.6219179620903101 0.2979213454520796 2.8754351603353543 1.3898746873198635 0.31287081407330664 1.0794606813099246 22.39968123673895 22.29148743447808 22.406309922923874 23.470120035236135 20.59189215009577 24.52715147752388 21.109831331757135 20.05029306167575 24.106431349865254 24.968839993744062 24.03069295951409 20.285000121390322 23.625676988475615 21.717645594289984 24.529459389739813 23.090309611910065 20.33525725526728 21.165966755809855 21.974078646033092 23.690787952876065 23.25052574580381 0.3402836648145463 0.6177141287324783 1.4736445486508827 4.795679393900471 4.337764255830117 1.416838802936835 4.629114623559492 2.437249631077365 4.969862622742917 4.527816287585953 0.6788274849787684 3.184164292784288 1.876840097586165 3.4945155580219067 4.682187761794011 4.528765833673938 2.2463463521818494 2.511623448711513 0.9052770122339682 2.9158970221926337 0.560463129950961 3.196573179715675 0.5688232108729208 1.5290817060403756 2.97166173060111 4.802563361699438 2.040265899754793 0.06395408399913594 3.5066175171132445 3.503770531709444 2.482053078370563 0.3473034310797757 2.484278868639922 0.9732100896170259 1.691070776474219 3.4986733526165126 0.31896670518148373 1.6161731171587934 3.702204249712141 4.15854101302835 4.5532513246504545 3.5254779829128804 2.6694216917397835 4.8991097712315685 2.5443388790435577 2.8843094387255985 3.7595975586053703 4.4799254646687485 3.924153023175394 1.5813105985386695 4.967839616677105 3.1325981701690724 0.6778594970419871 1.5726371667759294 1.4129465745728143 1.9216847870786542 4.297803925563891 2.1488965197239676 0.36471344125820426 4.56333897899772 3.2179158866691493 2.375780167322721 2.283679917660576
3.856283946690375 1.9700481079690886 3.11848791727031 1.6889331137279984 2.64417630119524 1.8666120452470607 4.73635643091478 1.8204026038891015 4.736230970011269 1.1960988303039233 2.946710899169322 2.2621519029271893 0.8827246865955662 2.99618789103606 4.080793704970792 4.203389491350128 1.4260966414843383 0.9637900162779384 0.37893405663021185 1.7346286219294105 3.71573139492618 0.4203137813540492 2.409887742985461 0.3991837119485403 4.929157646062681 4.2852811587293225 1.7101935229866276 1.7674024708638898 1.4201876485590836 2.9042905372306937 1.6153470480235166 4.610237070116004 4.136306887105734 3.9717870031070976 1.1684690321498215 1.9182840390423679 0.1252612156206978 1.0145572278816823 3.4312147163146967 3.117086728795129 4.293784195688745 2.754810136506217 2.759183599839163 3.017230612833479 4.611840327473933 1.5083323610335904 4.561505178437121 3.02587393870534 2.9178079032393844 0.6175658426095321 0.4138811010313348 4.719122938698723 0.4361176006325279 0.9622084215863247 2.7314106483304705 3.368229057715322 2.3797377332191822 2.6478270793368623 2.538575205817452 3.500922003470828 3.049891073008605 4.280847191268883 2.164349638778939 4.868940169864437 0.48757137456305943 3.5695876691883437 2.38279777665735 3.9294758135292045 4.271672243968125 4.490395372952535 1.4711956779455755 3.4187218311146896 1.1722958745511791 2.8425487623159738 1.8245321696133798 4.361141496840092 2.9693050333433897 2.2806609676517864 1.2540841953853126 2.5286131529185427 4.1877105958482215 1.295521922998934 1.5872991128475262 0.6834990136200902 2.5162873170919955 1.8750207137781627 0.18124811796323637 2.223433580946445 1.5988907950825277 1.9827079527385016 2.026711984794764 2.1844741268496177 1.6237461683182093 3.336884890154896 4.232645559954927 1.5290413927586566 3.143563373235256 3.1596250662594265 4.020274631136129 0.4431584848186454 1.1301410698046448 4.358189355044532 2.230207213037323 2.42904706977709 4.681093556477284 1.1809055193801128 4.70928072276087 3.8671077602308617 0.4770290301800373 4.531771312715963 3.4017473600751 3.1401911060697407 4.922895231052401 4.536452602657547 4.673459541202924 4.173144806627447 2.7275641717872308 0.22487519556776359 1.213305693805014 3.414879057873173 3.1681109350162266 1.8057175602857485 3.58537552039006 4.75686344557194 1.9763136808206139 0.022041683178107285 4.963065144476782 0.4125360763658853 0.7691200946864168 4.604539954066017 0.8061260488456373 0.462817637907017 2.148588512538251 4.798107259512056 4.525283302879778 4.1069438924108805 3.6609550134478748 4.272730736677483 0.7976731051921632 1.1658845022375286 1.2311118052491894 0.47644760998205027 2.490215661630819 1.0523301005294456 2.3456246896643895 3.592161436650614 0.37633317615399453 21.714728947430714 21.712081864754463 23.219581577193292 22.676526586191674 23.003262899496356 20.323293013240587 21.3337327196045 21.444319335638138 22.875665069317147 22.980992075002874 22.57807939675563 24.310189077648527 22.303616873660655 20.03805930941053 21.85322630603046 21.0342859079061 21.914278662701165 21.283655272376695 23.911254178669047 24.507590905496542 22.56824793935635 2.28840163548719 0.06166646689418631 0.2729960523509173 4.778111003073638 0.14103008234932768 1.294747085358322 4.223938734602471 0.7639841478010512 4.77692286430211 1.5463722460344531 2.585305724879667 0.6832470592902917 1.613707580576409 1.6027547279367071 0.8678859891407048 0.7404013934875092 3.3453613693610644 3.6618125390431375 4.119813917064307 1.5150986093829428 0.19874176491534778 3.6291134811894614 1.364546786807304 4.74450460620211 0.14293520544201965 2.777927497522249 4.73069870592885 3.7940733756658136 1.1271414679312848 1.4057077239337934 1.3820347924095717 4.692519229767614 0.5159729540696062 0.3827089208121748 0.183310015082217 3.7647929270057325 1.8409887923309358 1.666378564727119 1.0331433646434447 0.9081488518233127 4.584924023078997 3.456626462715126
1.305632069678329 1.0183769748978377 3.87955145339026 2.078939844044181 1.341069781844189 2.1886300371231036 3.386773249147363 2.5271801688782713 4.393849220654232 1.6332883425295042 2.483324384026076 1.4463246161236993 3.2922295994957103 4.291501036338083 2.212012312792415 1.2000070929450646 2.0827363976970723 3.202096636973935 3.483654048218738 1.5431324215647462 0.3800683745205258 4.322949439422647 4.2628179358708636 3.083049738234516 0.06772835963873736 3.691522220446685 1.3743258759083443 4.077304172297153 3.0146227122276024 3.6166463845946573 0.04502483370542043 0.2480486231765866 3.9645581879787435 2.615774373002861 0.17954055415308423 4.040867914097915 4.022875972720975 4.5571229842681635 2.13029475327555 1.3561161275435307 1.2319539500731391 4.040275837585605 1.674903128334058 3.022748583955925 1.6927938487444143 1.473835711167128 2.8362469119015743 1.410076272803551 0.21481336066157042 3.4644176628342844 4.4342003231586276 0.04758562400131949 1.5962430217693084 1.7613566978549122 2.141228415508541 3.7038570376431705 0.9063650214093616 4.704868918524178 3.8749463856534776 4.673091092299081 3.4948763369053975 1.0102815508775191 3.689950657638936 4.917853467848436 2.14662721308158 1.4795220045149966 1.6151905260211985 0.16009231193548523 2.146252714854087 2.4299950765316005 0.6329790946642005 0.2991896743101441 4.787842526003945 2.5309935253730105 3.5384639011040155 1.4451454817264358 4.823777844159622 0.7138016028437316 3.437307224233628 1.077113521720738 1.4001790747686749 1.635947679792931 4.498961901206124 0.39527895711007677 1.4580063626321282 2.072697930353141 0.1802774059410317 2.7342597368581023 0.9557267468740294 3.172815962639462 0.18209658625456704 0.47058412385733606 0.1269131665525597 0.2571631105692801 0.2754301629638689 2.6185922424525914 1.945744963313486 1.3292721037449589 4.4235031206167905 1.5500805358248848 4.293175924421563 4.8578748153563405 1.2400356514192241 1.5680931996688163 1.1145551391419484 4.014808034492775 0.8867380402237224 3.626426562057516 3.193188273464936 4.812599766487377 4.568856690563922 1.708426155257733 0.921411303822614 4.593028373701452 3.399709301758561 0.15903458712006546 0.1658264048910929 0.4687570376169109 3.7245199975794825 1.3928285136307417 3.1995790265739847 0.34580844997114835 3.5048243923817184 3.384454939592029 1.2025207453479192 3.1797534642969474 0.27552776952463387 3.247401828415107 0.7661359643279991 1.6611304280611945 0.0554577077303009 0.012129830732768854 1.580384004152942 3.3715734451254424 4.7505389131622815 3.3046780506659656 1.8057201257618705 1.4456041684628573 4.819601217183729 1.0993227490723028 2.042872465388517 4.457102005897565 4.554133551669384 3.966387901021051 1.8427868684745108 1.953330382406076 3.1613245223101503 0.4378903115499455 4.929459496612036 3.6166205519440533 1.5555768748962446 2.968693867313683 3.0903763142959018 0.3942748067104618 3.4206871757783786 0.09174533950370212 4.407609418148683 1.946891206391247 1.1746016262521741 4.733160356229594 0.8742481112452288 2.275739540797417 2.9185577896894195 4.87779923767858 3.315274161879848 2.1237759292814236 1.7504481251383335 0.1988853252028966 21.82542558389675 22.371783960303713 24.475881043336855 23.86691187672642 23.53176944943171 21.128542173799822 21.040789747631166 20.867720522317587 20.47754836151632 24.006283346568495 22.492011821186328 22.271073059904587 24.728350549945254 23.196473867384274 23.42227956972066 21.3705449671807 20.094798730238427 21.37693473419116 24.529137865568714 21.935610031011514 23.812896369592497 2.9360705996628225 0.39089185913370295 0.6973107315140392 2.2253181834569213 2.0911698193169173 4.684512017689329 4.1923377460118 1.9484379037849813 0.26007413409564917 0.8301744775637515 0.8602565347527175 4.671617222252748 4.6250672766326835 1.3121856621524315 4.298595935349151 2.3511956076952205 0.0896532571992581 3.7260965029522004 4.063820804132074 3.2334666987375633 0.39965387320741397
2.1144650057085483 4.168194675555956 1.5974834525384614 2.8684247176836593 0.437275404703269 1.4552998936551642 2.649981180111877 0.8379973866949519 1.314268142200366 4.798171792281449 0.07586253124878761 2.1611872546205806 4.090933470080292 1.5083068687350987 0.16299759694249516 0.9027822641819144 4.940733554125986 1.6956174405068398 4.0952067564898895 4.2054304878187745 0.40150606723460935 4.587385553463125 4.078800323076967 4.59540438215293 0.4088913115709719 4.891625736774761 1.1961058832098876 0.6220258908467963 2.673167011945358 1.6899141477240427 4.548163296551978 1.5463550641868162 0.10244289576788246 1.397480866062868 3.86955662981471 4.805855997162106 0.8890838795845868 1.8410630361892766 1.7769758419356845 4.142403189316971 0.6612048464455278 1.3657593819332874 4.624032482892575 1.0603402868989638 0.09035850863057804 0.9875269738666426 2.387026812232195 3.1840821428623567 0.9868531909074973 1.8585184697808477 1.152796503594538 2.991474785233814 2.287652491863488 3.1483564551473804 4.610911755291751 3.266636451173948 2.0581423418794627 1.322986082642799 1.5187001891575536 0.27835186683377144 1.169542329556461 2.6042043103212387 1.6534865863178927 2.23967714633479 0.8712666054616258 3.398943914542793 3.74724227810459 4.499185697369579 1.191580024238752 2.137396603410604 2.4805705595711287 2.5364152375699827 3.495352993545151 1.9783116604462303 4.421874892073397 1.1751872277890545 4.971471311498183 2.8345420084566775 3.912637690708112 0.9378006214137607 1.7508124466718311 0.6112057026980178 4.7553287808720075 4.254360930044935 0.4662657699479117 0.4660581103885325 2.231139761521118 1.5840429430182956 0.06207385624357187 3.81972055940774 1.1260387807402599 3.8712735877781075 1.5963009578880083 4.552574914316796 1.0101546120659943 0.6115535966090002 3.3110098385419704 0.03848854408612323 0.8218754562150465 3.919274209298319 1.0315959717468537 2.926907920489815 1.414144684426315 0.7671730463208049 0.9718652836420905 2.19761011566053 1.8980529046202421 0.20859912769437217 3.2102343798080635 0.7519919993749385 2.1908987961152993 0.08498399580395999 1.6046949683773075 1.5113011456895153 3.698692774635894 3.931428330768405 0.7383874784787531 1.029644472087845 1.7657434580167464 3.588010710753209 4.408023045181664 4.239304701083139 2.933184119853904 3.7339102175622925 2.3526938193517526 1.3380255831256331 0.33449974540740224 0.9974280551097886 0.17307580251842425 4.27581354880948 2.9027783878935938 3.846739765935872 3.4613971929252503 3.1803007177551335 3.757074141641457 1.6871974974645099 4.618611610855854 3.3559153241742394 3.957242157158402 0.04926752493912834 0.26427059251367846 2.9109155282076244 3.653785439955863 1.254066765129343 4.877560818610514 2.805420504089649 3.7433638418456368 1.4133106527634616 1.7688024140076453 1.9623000233631571 0.9633244173071293 3.579256523588243 3.488010998060258 1.223219821251088 1.585128347474295 3.778964755821722 0.846732930464934 0.06134296226267599 4.801010920932295 1.0991558866502071 2.8356847654736157 2.73700340593523 1.3110941764876864 4.339590276974061 4.686293026030059 3.7157186532065065 2.665560009805192 2.7957634022548334 4.7957416297053195 0.7838546511390965 1.8770212921340095 4.41066188382988 4.308629459671746 1.181818018487157 2.5905214368727796 2.285923145178359 3.034791589056072 3.2731952378096696 0.83617903947239 3.7941738474570776 1.1963371290793423 3.5495522872153726 1.3672386783154762 2.9417197064890916 4.307286615627687 1.33345976187295 2.0630091365658028 3.4907216438658653 0.44080360787163375 21.490332770792076 22.872117107674082 20.392948225229997 22.593665931834668 21.265428053274217 23.879685914390016 23.568134747876854 21.86957529550635 22.923236414186952 24.68638136838146 21.29102861168308 22.7307007814749 24.650791544948397 21.74979446966112 24.79987126650178 23.584872601157173 24.747724225571623 23.241627300401134 24.974552400327074 22.752338177853684 21.72681628476161
end

ganma 
20.0 20.0 20.0 20.0 20.0 20.0 20.0 20.0 20.0 20.0 20.0 20.0 20.0 20.0 20.0 20.0 20.0 20.0 20.0 20.0 20.0 20.0 20.0 20.0 20.0 20.0 20.0 20.0 20.0 20.0 20.0 20.0 20.0 20.0 20.0 20.0 20.0 20.0 20.0 20.0 20.0 20.0 20.0 20.0 20.0 20.0 20.0 20.0 20.0 20.0

