pd 
0.01693342468999466 0.0335492296605879 0.023815311071955024 0.014376462749639383 0.020274725295707726 0.021381267764550505 0.024596064575115584 0.01965610375366817 0.0219358868742936 0.018512037365919134 0.02009815740486857 0.02032352170906651 0.022276184675054104 0.020789671265179686 0.01782258783217497 0.013765052971306578 0.017926119801269368 0.0108083972358251 0.015370461848693064 0.02938934049513838 0.019740717357019533 0.01811911098178977 0.017673238002038735 0.02076547338794884 0.024807344976050083 0.02105206380513001 0.026906509560078933 0.01191990032232572 0.016792652742034484 0.014162569715534055 0.019273593260552075 0.020101583657814864 0.016050633256144368 0.009994197019073375 0.024039821492680847 0.028784778733899365 0.031227174316820143 0.021122535185344012 0.02180827544356889 0.017938400171882047 0.02049296564087418 0.01917639577164287 0.015808028442120387 0.021753930187030885 0.01760408395852377 0.01683606013909912 0.017404354213218082 0.02465700469798196 0.01921119812006513 0.021175396401705193

pz_d 
0.5369605456387319 0.05566998373747383 0.05875235965285294 0.14613346285261683 0.0568172939595585 0.01705484071089345 0.026151764276608848 0.0959210218972389 0.0032304006116414302 0.003308326662383445
0.39966406814152217 0.025836348100385507 0.026695367226634566 0.05996141851825446 0.1130161069348021 0.027184390406817013 0.11545909967647 0.022002575041364332 0.1577685553148867 0.0524120706388632
0.4732950644746084 0.015114432685624332 0.11157779162056908 0.09399433820474576 0.12834801760693257 0.01310729977836699 0.011976363550544857 0.04601274890387921 0.09494426816055175 0.011629675014177158
0.544539502140633 0.05946347924288658 0.015443089994298394 0.051901514683170176 0.08262773902090217 0.020677506643853035 0.08399833189362564 0.06552647010774365 0.026004053770992897 0.04981831250189452
0.5430995442204769 0.027945539783201544 0.02757098294866294 0.08468204250626614 0.09634525918390818 0.031018975150828076 0.06310962163432103 0.04452775147612622 0.06443134235903862 0.01726894073717025
0.0012188106177324774 0.4624632941365803 0.07464380674668054 0.06458653270677242 0.005974771226046484 0.04818757739816493 0.09598329651851847 0.0018871657778204874 0.19783683968160815 0.04721790519007582
0.008352621612659815 0.37634796398094106 0.009823080409734536 0.10490780020625111 0.01976683281659753 0.0052894179400607665 0.22852740721509146 0.006801072252092824 1.0426800066811904e-18 0.24018380356657107
0.056948873221076134 0.6191102778874873 0.11904035203237774 0.002711858737867965 0.024785470041123307 0.00832438259042976 4.1287837233666286e-05 0.0 0.045727040240877086 0.123310457411527
0.07364889760760274 0.5104770774494665 0.06261635745206688 0.06262658597331915 0.03682563923862785 0.05611140163427171 0.006800221552324059 0.059356180881288835 0.0012509845328404362 0.1302866536781917
0.02418933715813072 0.6866318852886024 0.003207439228883473 0.0076183864970381125 0.025084203498678844 0.032236261563625065 0.03720284892796482 0.1689272536210847 0.005329161218588549 0.009573222997403515
0.030907120418598662 0.04085772058749254 0.5685476853706569 0.11113270774397217 0.03965866253941969 0.036306563313456164 0.02564860124651958 0.03830094301008772 0.1086399935625989 2.2071977461353846e-09
0.009423378599173301 0.025237868108476728 0.6501684704271098 0.05950942570301147 0.03399085000254586 0.05249587613778677 0.07621864894364298 0.07294544581716327 0.00024003078163125255 0.019770005479458702
0.020606533686691044 0.07426565417065319 0.5233108985710209 0.10065781772821662 0.11743617711211478 0.06382968630774506 0.0006661994984721552 0.009352894303436207 0.04039246182642831 0.04948167679522188
0.14079274134027298 0.0022548027877066583 0.4553271010167722 0.00036526324494264907 0.040691163700061324 0.023232113709868652 0.13520985415277356 0.007995951422322518 0.1640420174812444 0.030088991144035303
1.86903632529664e-05 0.009725526062248179 0.626609137186654 0.12045864308696047 0.0073733977808520075 0.00018387806346605354 0.0032982897654821887 0.17001523453471787 0.017005776318893825 0.04531142683747256
0.20238381790441023 0.006961318439943091 0.09122080185143419 0.3906342441835194 3.854490159641427e-06 0.0023988539144932145 0.061210949990916225 0.07812744883511334 0.06214579743927023 0.10491291295074036
0.013776103972646609 0.04280181092488685 0.02568443286975007 0.5906488196101215 0.1614881196906079 0.0003700306721694766 0.0013175569484610151 0.07582577370024536 0.02208719719724053 0.06600015441387078
0.01428208953058363 0.025694086473854794 0.0365082759871648 0.7008600417101775 0.06096065646041284 6.081102067019655e-43 7.555161150295055e-09 2.514999179542253e-10 0.05221401857977508 0.10948082345137033
0.08298149613156514 0.05734449889786267 0.11735271454054441 0.47073313888107743 0.09169312749848554 0.12366090171896525 5.077633986499909e-10 0.020165744419015075 0.035485078809631844 0.0005832985950892792
0.0018135876374020153 0.11396280811522602 0.07483250656629868 0.42890202212309986 5.167366146377019e-06 0.2042541355961991 3.962028372697352e-08 0.06038063848197625 0.06263525400495579 0.053213840488412295
0.0534189975828884 0.04779832308763998 0.021577021268387973 0.029900434392351082 0.5436310975770741 0.021106102738158612 0.09414828037776977 0.05645847929837531 0.11300834052314054 0.018952923154214072
0.036458669183238514 0.01800284755690991 0.10264246441632623 1.1034998396752674e-06 0.5286819300675689 0.07701684716685642 0.18874102239961627 0.04695180046151804 0.0011796715392688307 0.0003236437088570833
0.037658339504771765 0.06584179029055465 0.03783303834180461 0.0217214442304214 0.5176041738981587 0.08498810644159034 0.04807466950268047 0.09634462994992297 0.002071205516919437 0.08786260232317547
0.13354501819508896 0.06690618056844887 0.02493763385694551 0.02649254673121036 0.49400666638256246 0.04434559371657958 0.0885112010818441 0.1027592738733479 0.017112007276465696 0.001383878317506504
0.0426573530472666 0.04935137599618339 0.08739733688015143 0.007513582243419916 0.7104641322684317 0.08211144052467592 0.0049355056233730986 0.00018858744153628962 0.0004919967208628916 0.014888689254098605
0.009847858610257925 0.0028644001416904042 0.006476028844098345 0.11162220284327047 0.11341489678983095 0.3877724546020579 0.010005166044046864 0.19094540229352433 0.04622386650268293 0.12082772332854007
0.10914325811758079 0.04042565785115744 0.035480520915220484 0.029461983810592746 0.0006574265436274707 0.6833697883429611 0.038916834692824455 0.03874250439395848 0.006934593081746021 0.016867432250330997
0.008111007623462865 0.08963164555940367 0.09577572773351953 0.03981376208620916 0.03328184316361663 0.5096618232946099 0.12749527465773305 0.025581028573028623 0.061553686619177185 0.009094200689239421
0.014109516894930705 0.06313543907014352 0.008362971049511071 0.023000142216711914 0.08393296488565358 0.5385330157967321 0.02734907842318874 0.025975707850145774 0.20894383081971418 0.006657332993268533
0.13896657138960117 0.017878034677552248 0.1263319575448258 0.05727757769607566 0.03150731783087673 0.5054879282759727 0.00018972171239221543 0.053877403116017165 0.0504489586616247 0.018034529095061518
0.15049114663100424 0.03443912966869649 0.020698933310284526 0.06043641225576555 0.007042829387055488 0.05279372556730781 0.5211416741088911 0.07952441876468312 0.042218110810397495 0.031213619495913912
0.11734771518719819 0.05466336588471203 0.03366193445816835 0.030025725603469833 0.008482575358383109 0.08333324294103546 0.557393848695302 0.003998187758563412 0.08666610377917755 0.024427300333990157
0.006683652077312398 0.038876973230029414 0.06727362564281744 0.026934497244892 0.0778517858848872 0.026819409051079574 0.5257899228720972 0.046109045169748765 0.06631159008718167 0.11734949873995427
0.06238976548133226 0.011875740022697616 0.0008369026838551525 0.023508910993745528 0.03721223315073215 0.13306651945432751 0.5513594934711323 0.10639716471861586 0.04116941101061232 0.03218385901294911
0.01922450200482043 0.08109078185685248 0.011781247538881998 0.0010495643045008497 0.001423514602165889 0.04784476346890369 0.5571495623035254 0.13097747030830162 0.056557161039687456 0.0929014325723603
0.041661392591576085 0.04298343841049654 0.07371414775810733 0.04062213726383676 0.00024716060500486837 3.829689691958268e-06 0.014276009118441861 0.684407835199526 0.015181051154098197 0.08690299820922047
1.5480583624245753e-14 0.08931363084556446 0.06734591384316817 0.005255530406184538 0.016880788865204024 0.06893686234884955 0.08309774953654674 0.5604334106693628 0.001197239380017895 0.10753887410508624
0.06237246585015994 0.01732078459036419 0.017228838505590854 0.034605136405665704 3.807356019582021e-07 0.18122875398094848 0.10167435358334978 0.5019612024342592 0.025342545249436264 0.05826553866462365
0.0008329229894882947 0.006594136836622821 0.06591040019408878 0.028170690231876752 0.07500154414426712 0.01643392907787125 0.09943816764808919 0.5152195406407679 0.061509953846126515 0.13088871439080138
0.08554714413296059 0.033771655187362686 3.212295696209929e-08 0.08967213851561398 0.058798397917025264 0.03508438699295306 0.08672393647429077 0.5234740042179435 0.030824430641639564 0.05610387379725344
0.0900146398778032 0.000506393731126077 0.0687009385024098 0.03337495761280399 0.11315494303399921 0.09234491326468088 0.0916494618661404 0.03128257370890285 0.33704932595797044 0.14192185244416328
0.02008533963801231 0.0009515362224713763 0.14147888534265346 0.16004660725525305 0.08366748429201727 0.03534302209013072 0.02751645595917562 0.036261404377031126 0.4251797954183291 0.06946946940492572
0.0581460706529949 0.02585215669636373 0.006658841336880878 0.0001702535178313937 0.07938817945453426 0.02852722919660523 0.20895029192979273 0.008242290929544975 0.5242651693884883 0.05979951689696356
0.11906066586459574 0.03510110548848661 0.04602289319689784 0.045020287368508494 0.06299159772839345 0.17069039003243205 0.023819439624046937 0.007827641104781475 0.4596531214471623 0.029812858144694927
0.0020098153938568303 2.1326359230790115e-24 0.12433825027839145 0.09558174580702083 0.08233471057859577 0.047684313805802715 0.11596631659171706 0.1465324943280302 0.3697478277031901 0.015804525513395302
0.02182857963943108 0.17586051263785787 0.10645624052351908 0.006098671696388867 0.06531892446520626 0.04386943299152069 0.10065288168502688 0.011634061719321426 0.03839090782005537 0.42988978682167245
0.040185668474941726 0.01596970046639255 0.10787893664371849 0.0315497800792965 0.033237916993924595 0.020363157648772414 0.105313376465377 7.390821885865499e-07 0.059253342962287736 0.5862473811831004
0.07820640416571033 0.12529651882484022 0.045976049174210235 0.06601191747453766 0.008436441192446525 0.041442754308186884 0.0004881272360871409 0.06314712525954516 0.15524868918323564 0.4157459731812002
0.05989747696399389 0.14481404940886422 0.012600476867937815 0.019326232952065356 0.12617817647058968 0.027569231702847922 0.061688582348422887 0.0033914580845492938 0.023872252116620953 0.5206620630841081
0.036183129775444065 0.05198812781085723 0.04201370418051314 3.1369609489537044e-05 0.03180947788315009 0.008298558052025813 4.3506556259891305e-07 0.06879558204206598 0.11044850607541215 0.6504311095054794
end

phi 
0.01783354579352411 0.026776360360948173 0.022578170251854993 0.015851248216733702 0.02166539201248911 0.024404843496237144 0.01806617881623153 0.026192806614775282 0.02449654703599704 0.023994195200568055 0.0240101256885489 0.02879442155144771 0.017702585465984952 0.020518174377631586 0.02931330741983594 0.024669852350190865 0.022349236157735836 0.028482645247389235 0.025729024689193605 0.019255527132888976 0.026138878697337456 0.0007709074189247637 0.003076480011072727 0.0024037400179684233 0.0051222457753473125 0.0004811462610221041 0.0011090402825549303 0.0007709985701713022 0.0036970130050917316 0.0018838378046861278 0.004855054821628032 0.001044141338814484 0.0005145724631163606 6.231121391224977e-06 0.001370747343560164 0.0008290779964182614 0.004065147629041559 0.0005154194080042255 0.003409719345225931 0.006840200094179028 0.004468557252054267 6.472101234385919e-05 0.000722936304149674 0.004306833394281581 4.840893211971838e-06 0.00371002646196564 0.003431249990721141 0.00359610714180767 0.0031361875077297024 0.0020618059625975853 0.0045239204753204105 0.004128761144140392 0.0002950019262529473 0.009879942918012809 0.0006245824453436312 0.006404235669282801 0.002517948523813848 0.0031815208618680983 0.004753118330046383 0.0008698622703397352 0.006765406723606992 7.787779336966602e-05 0.0034358442187570845 0.002238540044753427 0.005042986791224533 0.0005393915993687526 0.0032813672576449257 0.0029222399576158005 0.008240532456640876 0.0005094590343748958 0.0031036195950564405 0.0034878847900590426 3.099522818855288e-05 0.0024057723595275857 0.003516324703412695 0.00012279540153598326 6.240866184743291e-07 0.0017472175493416138 0.0004180806376065233 0.00011835761055742668 0.0005910595710137748 0.0014487024871715358 0.0015774986536831882 0.005514614576500767 0.0003223707772136299 0.0012216622400465032 0.001146790256336895 0.006513540250048985 0.0027143749106001065 0.003562405739941516 0.005541109786129004 0.005723671509077448 0.0010498805287407268 0.004727348476035103 0.0017050654275115958 1.6249596294643176e-05 0.004053971285400278 9.480800038984528e-05 0.003464821263004637 0.00013365298264041356 0.0030206285649418464 0.007527157710698249 0.002575692200529773 0.004246663933142693 1.168669271265043e-06 0.001961230848672021 0.0017916016997414628 0.0011592533703995852 0.0019339464321781873 0.0018728192191752192 0.002979715621018891 0.0018317865354291836 0.0019801773855089733 0.006304362382232526 7.867161465637368e-05 0.0038820504571055424 0.0005601198722689074 0.0026635450206187136 0.00017920715481601262 0.0022618408012188202 1.6753971153743296e-06 0.002388330022587445 0.0006042473520451512 0.0012758453822839437 0.004165633165519958 0.003704212758691151 5.424162946262464e-05 0.005930391437335615 1.1121711078733927e-08 0.005026980290336269 5.1197172370421645e-05 0.0025578333406668357 0.00445523170034786 0.0026869142406326547 0.00582892841444571 0.0009787186593931089 0.0007069038744510537 0.002033067261037392 0.0012062237202225122 0.002434842717181994 0.0018374815537567598 0.009019185501027536 0.000933276690039531 0.010612560198920734 0.000137589580743872 0.002989232469641884 5.1958816928610214e-05 0.005670717517290547 0.0012330350754330862 0.0034336107807802726 0.001919834167920584 0.00032657030034522627 0.004173857143708741 0.0002998303465386123 0.0020510777396368475 0.000731239859215725 0.0010609122997798017 1.8459353855332918e-06 0.00035941259264503405 0.0017778398693259945 0.00593108710288176 0.0019896909844114713 0.0004509081836119148 0.007437262467182263 0.0034711237784523083 0.002969726723638084 0.0010122233042512978 0.0033711610843739762 0.0007878300889897756 0.0026733712971306837 0.00396913589421379 0.0028892354195577626 0.003777147937978529 0.00020436811720137254 0.0034345215161275433 0.0005574954654899038 0.0036086930735179028 0.0026924972650561514 0.0007858431074243425 0.0018615762203004946 0.0005226511091669376 0.0009771573259203846 0.010899983849775224 0.0019044860686732426 0.006026240885890172 0.0022839063915443495 0.0004249070193863579 0.002331333922496798 0.0004695608318916486 0.013266247464114518 0.002208055950992237 0.00027708758182767076 0.0009161010496836788 0.01042313516935551 0.004332950216649784 7.110626073239748e-05 0.008236577177311149 0.0053798006819198 0.0062782137154108394 0.007740090310327537 0.00011298167573708962 7.496050679712435e-06 0.0007223830749541739 0.004190470497385422 0.004971710881303069 0.0010592298413690446 0.003314899540562029 0.0013393931240617085 0.001967136041396182 0.006545805739073972
0.00719135080924717 0.0042065020543054265 2.7597204761181613e-06 0.007136492490546907 0.0007944683598318016 0.0016693001338255846 2.6781226772387496e-05 0.0051656336449855894 0.003844651212997126 0.0010384482087358886 0.0020139073371441686 0.0018384995327585842 0.003302238376510531 0.0017700544758590731 0.0026593539511651568 0.0012883543189068948 0.0006918129745233445 0.002231214561301536 0.0025778910338987273 0.0007812115801702465 0.00042649099990007926 0.018529548324734576 0.019583318033645755 0.019117654955738046 0.03471328559829484 0.02770502495864127 0.03583233683663952 0.026142037398252032 0.025586080173915084 0.021252883014582093 0.020496893933228986 0.024220416243125382 0.02256712748400464 0.025588411419444214 0.019542309275776187 0.02012854040936116 0.02175738725446344 0.0183508839921001 0.025216771162833607 0.022048447775717978 0.021658972915555793 0.014310007641971942 0.0002550272232924961 0.0028380717820048304 0.0017876343729303203 0.005067513506501083 0.003304538058087781 0.0025985665292335546 0.001130848421819465 0.0038668417635375606 0.0002110400569977526 0.0022968542825912417 0.005793377330278125 0.002614572305744836 0.004392236727739725 0.007055748155719366 0.0046877672602039745 0.001464719429820785 0.007826860342319702 0.0011341776835148744 0.00013033533547667948 0.001703228082867336 0.0012155377145158079 0.004319384221090724 0.0026652232829804698 0.0016141948558755577 0.0026788620696607175 0.0013949073799620535 0.0009971255622545977 1.4443270789337605e-05 0.006054730250863124 0.006154151254624686 0.00023296099583072644 0.00022027944750567657 0.004399615463295527 0.0006346798186202314 0.0056868114643834665 3.245374149375988e-05 0.0023850554599851876 0.0023820994108283743 0.0021434925868358667 0.0027078450644097713 0.005439835051508464 0.0010826080556667979 0.004420992001915578 0.0021725992965310036 0.003781644161517043 0.002671593040881741 0.0026846538155521175 0.0007708135622296711 0.008348581445630162 0.00794699995056163 0.000798505181909979 0.0010065223785686826 0.0019811254582486936 0.0007414747893486179 0.0007631276764499411 0.005016727468235542 0.0024561736167352005 0.001497835630393389 2.543896472755038e-07 0.001299206132298368 0.003876335553380091 0.001005163220267915 0.001438908692406277 0.001526641267858005 0.0025990909132518458 7.264665256682401e-06 0.000868160367937691 0.011347072967014756 0.0016031749869319248 0.002293064775707159 0.002047751926372538 0.00273551415874485 0.0012513636985504672 0.002921384475497254 0.0018612998345599481 0.0005690763592693881 0.006806125030369208 0.004986238299628512 0.007979843990738342 0.003853403095368333 7.814312795154641e-05 0.0032821736968288834 0.003676818248512436 0.004701300599896561 5.895879253826449e-16 0.001211422649974544 0.004827064329621944 0.00398905010032874 0.00029266726292507286 0.001202742959317884 0.0009415266926763895 0.0029648457050114848 0.0017865737221291773 0.0028437886297812552 0.001167720042334094 0.004635098834074567 0.006556384017782726 0.0018954055776860936 0.002194586085125041 0.0028750088176581045 0.002096853629420335 0.0032281382093057058 0.0008271205937920566 0.0001598119861719587 0.001177645767784171 0.00035484978446589254 0.008390791444657344 0.005628448579397872 0.0030622011553488163 0.0004033169334380886 0.004256529128473235 0.0004670788578395921 0.0022346000493071033 0.0028634636551266093 0.007561502331911383 0.003708827145951774 0.00025147436136626505 0.005508923984407279 0.0016891757218980453 0.009697480178800514 0.0012195235617484075 0.0029539079950539394 0.0003804355143696098 0.005522840139088255 0.0039610034399727625 0.000571284401369589 0.0035509477571404905 0.0013173751832497183 0.005966857036800806 0.00396083982212882 0.002924803309682428 0.0010854362492430996 0.0019374191475477727 0.003860272142237299 0.0007699873973017685 0.00028215158232714507 0.005417140062132251 0.003646413697224522 0.00023693036574981197 1.651458197170482e-06 0.004969837410215609 0.0004739447538266479 0.0016382582825884705 0.002435588640191025 0.0004554963265093559 0.0031209070685898456 0.004283626774059972 0.004775913427816076 0.000896530397190952 0.005403798385273392 0.0010085309576345178 0.0007278099462738747 0.002007690390564544 0.002120447368903323 0.005238791200465491 0.004906294276060048 0.0007239307632734783 0.0015616286311177393 0.0008288033675490587 0.002073883531846639 0.003982633428974271 0.0040634087967302 0.007452887860369334 0.0014790189404923796 0.0035448129020037933 0.0005745004924049582 0.004224186344427294 0.001211345318283736
0.002990777612499328 0.00582598023441692 0.00230008899923009 0.008074587683114403 0.0024072695637567783 0.006023672719560469 0.0014566615852639637 0.003031241098920001 0.004704488235200702 0.0015259698634803632 0.0025509903327842376 0.004257670848169106 0.002086208393695528 0.001703938192404023 0.0038545396379046156 0.00655709779985687 0.002866446840572248 0.0013573517052256443 0.00010247482284361948 0.005103005142112855 0.002266710306076346 0.0027789837892119224 0.006345575924125619 0.0015258195337224862 4.7751727867973005e-12 0.0014291598806200666 0.000481001770190748 0.0025182986537558034 0.00496724028194795 0.002859425036440443 0.0008549821617246835 0.0024278397778317363 0.0021548185163241624 0.0037258305873380604 0.002818305695438055 0.005346651970378689 0.0015689174551287955 0.00019144198973046947 0.001373064688637929 0.00819663358871291 0.0075518242642852364 0.0020787353595380373 0.02012453836662839 0.026180105140958924 0.023072003964340185 0.02537045107445297 0.018818692297701466 0.01912336565989087 0.023859442263137604 0.02286602883354835 0.026307073969496334 0.03201119882900249 0.025934369210675736 0.01864969107663933 0.02045805350407621 0.027913736615670887 0.022287117814094107 0.01916939887304894 0.015496350677316795 0.01789047906103686 0.029568564879166984 0.026806580496293718 0.03448163942659935 0.005870472034216975 0.0009306363503290176 0.003009976421535518 0.002694291897907598 0.0006604591025711924 0.003881526267530867 0.0069841054825382385 0.00037249112333732074 2.6735995316432406e-11 0.0008664414779518357 0.00586314968115083 0.0042041687702625615 0.00532443048450415 0.005498421195921423 0.0009804123571363797 3.4752060621996994e-06 0.0021604485005565204 0.0014795303011233942 0.0006521474966607591 0.001997020609924045 0.002134765385532395 0.0018866339100782749 0.0023943267541204558 0.0016095722046376802 0.0002074908307069391 0.004317549230023013 0.0037286614065969058 0.0020251436213615127 6.4319436595024796e-27 0.004569436421621764 0.0001456789001905075 0.0015805413072697177 0.0026456309486731847 0.0010607514664102194 1.476436981868466e-05 0.004488602095971348 0.0004493777225222389 0.003771020838793208 4.6735969636159194e-08 0.00543082482476773 6.610951938139439e-05 0.001684675337205337 0.004629046685255559 0.0006928249878657424 0.0004155913478261777 0.0013133285571940395 0.003200191429692977 0.0033890346347045133 2.3541143044957458e-06 0.005564543118577535 0.0006294800370738913 0.002073467730328635 0.002221407680515383 0.0017784771157618728 0.0004152974907549515 0.004989179910425705 0.006982791852188541 0.0015360074217031445 0.0030255841123568595 0.0012559204849147232 0.003009024429792665 0.005559053445160317 0.005717176023298756 0.0009747543119899076 0.005047714327822887 0.0019713595800446167 0.0004756755457664655 0.002049437748478109 0.00011588221549034692 0.0017732637843942307 0.00032384462903399264 0.00022217054151341435 0.004132474317360958 0.0005927439142040777 0.002051926128234957 0.0046131733200319 0.0020241698283546008 0.0014554194420155079 0.004583474041495125 0.0037870141881819813 0.005816380092388562 0.0035049324024960704 0.0026900162219755824 0.0023235347134823096 0.0007371973650591286 0.00039462232850999163 0.001977040629015094 0.001664902568728781 0.001137544070486555 0.00837160888826698 0.0003809763831412258 4.034414236260533e-06 0.002251410871721317 0.0006776459386092403 1.5125253409498025e-05 0.004144970508387152 2.9719830748639715e-05 0.0011885692205678893 0.00039507439226982717 0.0042266566954252925 0.0014245954786644332 0.0018004787913499449 0.005025445636967871 0.006176434799623764 0.006218817293990948 0.002595864286837679 0.003386300403243688 1.0015089213534885e-07 0.005801550824065122 0.002026208071103836 0.003529533679168405 0.002029543055563012 0.005761307873615199 0.005084287969269931 0.0017132487622815546 0.0011111693629329343 0.0009070078674381729 0.003604425121295815 0.0023937522340388862 0.003820308360531767 0.0029482164521904405 0.0010135238303368111 0.006708900574571588 0.0017267374483186818 0.006126855682049452 5.920989216191957e-08 0.003795218154216177 0.0018620932554344815 0.0024179743730324663 0.00743587511509393 0.0020928745750343402 0.001930669465046638 0.00015643906827647152 0.0006272956516768829 0.002032790740000273 0.00294216904983649 0.0008356344424224535 0.0014818499373746286 2.6631155596495214e-09 0.0028321317477302734 0.0022581311113680303 0.0033062758267333034 0.011343061987220624 0.0019746343465078136 0.00031458365738940214 1.021362604769715e-05 0.004613351522840137
0.000434101114903642 0.003021981471694189 0.007235626521893139 0.0008563953258667883 0.0004598126130778903 0.0029292392644329522 0.002922827816159022 0.0021617546799964538 0.0029656949640860394 0.0003161810060911381 0.005610402976131172 2.3028087322692932e-07 0.0012002934997479835 0.004325625612124608 0.0027348848297670996 0.005364499085756772 0.0063765178927240465 0.00208390686943489 0.0012655447071755618 0.0061026327608105025 0.00045884691864852954 0.006240068873091613 1.56208464384393e-05 0.0003478764343415123 0.0003502439028904959 0.0017432262566600737 0.005270617853397561 0.002184472841978258 0.002839542816883694 0.0032236103681131025 0.00015798302674466214 0.0008550630074373623 0.0031586942643051525 0.0027386951298172106 0.0013918328140542708 0.003217465202529176 4.6849872971536386e-05 0.0017041667461633774 0.004664846740849676 0.002749497637793154 0.007566989976255696 0.001655447668407362 0.002881502843481499 0.0037090080928019087 0.0007880084263528688 0.0037527856106975795 0.00034510139168208076 0.0024941988925269855 0.006189654928255743 0.006391230179788375 0.004676688905960126 0.0014553884984084976 1.0831105187835853e-23 0.0004809452168947106 0.002340757462187102 0.0030099665183197987 0.0037342411900982593 1.039777764991372e-05 0.0023579249100010116 0.0005665091389266247 0.0003745344366927009 2.48463754304722e-07 3.412202468182815e-11 0.02119886877746417 0.02223217271419958 0.025336947741401415 0.027928550027490565 0.026431374368287287 0.03490731108339467 0.02682767907698257 0.03527541322085222 0.020373303182091802 0.018431233502247023 0.016339950582505515 0.02225569635313157 0.02957885342591223 0.02189273831629742 0.018714376884096048 0.018879867869957507 0.01806954494401546 0.01902066736794845 0.023602002300465837 0.025541779260017435 0.025260229311068114 0.0053512213831840875 0.0011185363133692293 0.007013228822066259 0.0037655172024033358 0.003903489623348694 0.0027850635610661423 0.007175185944930341 0.00033013224715282454 0.0009706500868505443 0.0008345228109137763 0.0014550485180533665 0.00514151096298882 0.0009622334429326617 0.002105210571967488 0.005857967582694236 0.0028631592002842992 1.9041438409236224e-11 0.0037697328136566837 0.002103431704424347 0.00483196552608789 0.002126002798883993 0.0009099219324452321 0.0011394215903874363 0.002441829349236021 3.1161551169594965e-05 0.009834199808554711 0.0005887807515605724 6.259296613721709e-07 0.008646783838642045 0.0027445202326369595 0.0012101584733060042 0.004412249035841578 0.001503395866910772 0.0022367448347025945 0.00471043577464476 0.001620051503726927 0.006746833091691991 0.0018693830920267756 0.0039780982879351005 0.0061952334301159885 4.7274455472969516e-05 0.00023472435787483817 0.004431602996292557 0.0018505416816312185 0.000645436208665086 0.002232344737848535 0.0016435536301023965 0.006560657980755464 0.00010475329559974984 0.004314101726853636 0.0007456835239605295 0.003447266909499895 0.010155863973432112 0.0036021392149591645 0.0006608324996122364 0.003297737292327246 5.092981022338873e-05 0.0004586308351805986 0.003451680591251525 0.0009304267181501522 2.9610663453405393e-05 0.00021878572477032003 0.0001323070276181969 1.7797137356665636e-16 0.004223651264632842 0.00903503122647624 0.0013680967172671425 0.0033835739877075754 0.002085360257898804 0.00280769973883468 0.005085647414230956 0.0024058645822088933 0.0030874335935528576 0.002451773845861389 0.00041239441145470674 0.0062831407705809155 0.0027026278807930075 0.0030561394912505756 0.0005082296451862315 0.0006203974858600101 0.0007365198214160431 0.005810120809147837 0.0019606632922566087 0.0014700862336720765 0.00080387647722983 0.00839241206112366 0.00035518864488776275 0.009221559039505122 0.002356151374758097 0.002622852823902746 0.002460531187817923 0.004961007811249197 0.0021427244555253014 9.951305823734427e-08 0.000561930174029818 0.003926851489756277 0.004864066222232273 0.0014613833674825929 0.0002256715836495208 8.737159541534896e-05 0.0028354458302247373 0.0003595148913762189 0.0008728324686360885 0.004762101035327273 0.005663053745642102 0.0031216368473112096 0.0032001115574761987 0.004292441992195543 0.004624042465350543 0.006381258561811619 0.0069304637905534565 1.5049269129106095e-09 0.0027095789560234993 0.0003301633558722669 0.0012316313742612842 0.0014089873645564777 0.0004601978953689395 0.0019102868416549165 0.00024073109612487937 0.0014538388565571963 0.0024777218757573586 0.0004552268346481501 0.0036388977365208936 0.0022561814047427527 0.003570265311826473 0.0017372650253594342
8.334154837156629e-10 0.00047651199170439096 0.002014819634915581 0.001524703572593369 0.0009983069212097944 0.0026842530902717507 0.00011502532255379441 5.356827662635919e-07 0.001297161101597581 0.0011418477660664792 0.0025644656960513166 0.0021837882737714013 0.001301586422858999 0.002063866618384865 0.002595377643040449 4.1267203865331134e-05 0.002338049348622214 0.0021484858090807823 0.00040361330298570606 0.002661867470746852 0.00221025341345249 0.001640327008007312 0.0023838789470754878 0.004369676087005756 0.002099537754243001 0.0036685762412184994 0.0006431891635991209 0.0010606405314107581 0.0010067313924445895 0.002008893784689665 0.001050354129189315 0.0014009535214080102 0.000938864942764956 0.003780464364706321 0.005236318883049448 7.411695321233699e-05 0.003303282881953054 9.624910643311455e-06 0.0057702662834953665 0.0024208989764370396 0.007337570734952176 0.00211133876688829 0.008208981670522402 0.002536067730461315 0.0012984974716675585 0.003170954600456886 0.0038149294389422405 0.003345055720535114 0.001390011971995494 0.0023078499598073354 0.004116962690927974 0.0009248467784587 2.1607241118154107e-09 0.0003022725163601185 0.0020440013861024145 0.001315887089744949 0.001163155537181595 0.003924023272360675 0.0012261962924121868 6.042611538340061e-06 0.00783462247784856 0.005563258479543859 0.0009357791796456145 0.005561014353082846 0.009832868546635128 0.0011389489143148815 0.004819510899457196 0.00263301260377333 0.004586726040478086 0.007691096480410294 0.002859563164155405 5.8010908886298934e-05 0.004852053671398971 0.0019606287474966903 0.0006631390560585428 5.032319049446811e-05 0.0028776109496630063 0.0021718293751772423 0.0008120397073137636 0.002040737557865294 0.0039124075710837815 0.0033978837709266276 0.0031514474042245795 4.1432149709079605e-05 0.017646247316554717 0.01989270407475412 0.01751964965752699 0.029817343542808263 0.02820527821028317 0.03315043197917447 0.025791808435024585 0.022081422877198244 0.020057809017429276 0.02723611225716621 0.023662554526148207 0.02450578649326306 0.024442529919065568 0.0259698324171881 0.028686449730397034 0.019621429953830635 0.022821564938951013 0.020474730149948276 0.024750857727726894 0.025904162197508337 0.027928460363996065 0.004525468695793977 0.0033873335122759913 0.0018267631095091345 0.0028475792347104705 0.0027066479711087086 0.004107479036286642 0.0023093073572636423 0.0029784552940307447 0.0037881724784448044 0.0008286221051612364 0.0007156808941727997 0.0042664009436566884 0.00090517307737231 0.0017638871737441217 0.003773425590986445 0.0025148096372996686 0.010465031851343006 0.003917011002511126 9.834381073983444e-05 0.002625185820913716 0.002546902439949631 0.004548912773875594 0.006760092237337777 0.0012633661525054954 0.005919540639967598 0.0026137376473344036 0.0023547613515667847 1.5395618261218782e-13 0.002939925656300566 2.759832766791361e-06 5.313703260978743e-05 0.00037644994626483185 0.007024882424837205 0.001783930315191615 0.0028901649702858115 0.0029291169129884347 0.0007452015869618728 0.0007589515210736778 0.0009757285097817003 0.0050197396208964086 0.005949407364975062 0.0007007529191364635 0.010791961555242348 0.003624488033207749 0.0004327704626455676 0.002550903115979995 0.0019588551301282582 0.0023638912473814854 3.155100788549283e-09 0.0017874487987529126 0.004774926951180634 0.0024360647813742604 8.917917503571193e-05 0.004507183667332122 0.001478904684775977 0.004405427177607737 0.0015603465649882645 0.008584521444446573 0.0008769982582995568 0.0012377484069286447 0.0016370306500564594 0.0006949406126600191 0.0034845831171101097 0.009904512811141323 0.004479143032690216 3.924282708361112e-06 0.0014437937930234471 0.00010382310911803743 1.2991093949212207e-06 0.008705094799716621 0.00045068824933067674 0.007973364480479927 0.00037970057879514453 0.004160752244695284 0.005519495540872167 0.002411400797962396 0.00014693410833275183 0.00019289728975203596 0.0053398889594908515 8.772189774224282e-06 0.0003222503769537827 0.0001229249057750081 0.0025958949892452145 0.006522020473765723 0.004858504195761513 0.0006988527048589849 0.0014485656093845788 1.0662535279796049e-05 0.0020754145603128107 3.0604027540501685e-06 0.0017415158933007735 0.004861322300906247 0.004229020882268722 9.76359481340816e-06 0.003361706060441086 0.001875983715942541 0.008196198317332551 0.0016999790353209696 0.004176418764271393 9.610852438161693e-05 0.003307067492950508 6.046515855449464e-07 0.0029851936634791346 0.0013826088739518096 0.0006163113892273523
0.002942061121059589 0.004641832026420231 0.004171854782857277 0.0019763374644347635 0.0040931717397273935 0.0014685527511901903 0.00043701503347565824 0.008620909179990196 0.006918322860777543 0.005843910877987729 0.000763822832087338 0.001650851480062888 0.0022840757531810544 0.003245518236580867 0.006311174316252857 0.0005901957410382884 0.0012707569874413132 0.006416418855031552 0.0032638955746933985 0.0002769384416440606 0.0018331544794031559 0.00648921696354261 0.001078412006702993 0.0033109341035172757 0.00464414668948942 0.0010809677992810402 5.674197267873888e-08 0.0026202668804202783 0.007284266871186857 0.0034981067336098443 9.591071534162898e-05 0.0033924467003531374 0.000855362298171858 0.007334775652067417 1.2511256962197691e-05 0.006463785389355182 0.0004289723981473516 0.000506552100496638 0.004448580838388147 0.0019229969162941033 0.00012181959485213163 0.0024856529210987325 0.0029576299299745455 0.0017400512110087036 0.0034958925057260288 0.0032848688589667547 0.003932353992037085 0.006995556570965173 0.006164643234684645 0.00351673153997935 0.002019814688996273 0.0018804860378944948 8.947958484522349e-08 3.15480482225462e-05 0.0032420687982942908 0.006171179858831717 0.002101651944136619 0.0036561953078544473 0.0033625572426497483 0.0011554629943886432 0.0003222723953072949 0.005842900025701977 0.00029163338775926075 0.0012168178944390968 0.0005752468285587889 0.008748154482187067 9.139038584908019e-05 0.0021777451843372152 0.0027981562800893337 0.0028528571669097615 0.0003387570354159125 0.001454411190650189 0.0010367457744194898 0.00014324619517576092 0.0045545394029501505 0.0007275023038814774 0.0 0.005712758294947559 0.001730028621427151 0.00010150634183871394 0.002139058144762621 0.004412479284623387 0.00334734609645875 0.0016366333835716395 0.006124268507913434 0.002535179063165085 0.002526164189816607 0.003171662483269654 0.0007520556180721546 0.001830943963464446 0.0010989830407405704 0.0011874946302111826 0.0008244134861416647 0.001617919247862961 0.004331427490048514 0.002604908452854653 0.0015619512078440805 0.006158473387325498 3.3042128407454117e-05 0.0005721422208913135 0.0011249026844989886 0.0010357965829272285 0.0007064461910792584 0.002858827291092494 0.0015721623367260394 0.025113596900705283 0.024656797994970055 0.027027276334139597 0.025392809768845878 0.02651735639966402 0.017423993922447176 0.016594795146064736 0.023171846129170094 0.022473409903448496 0.017492048897343918 0.030893731639424927 0.019921767091631026 0.017413379759136944 0.017706957478362803 0.02594108533167299 0.017016212503752716 0.021780227006693426 0.028070433703957554 0.018046854610172868 0.02469940871692664 0.025707388055010053 0.004596386408589873 0.0021940098461248917 0.0034706234750586703 0.003951447602264172 0.0050789145443279745 0.002884684566592203 0.005564874722538853 0.0068817655825239256 0.0012262666813857733 0.0021470851624782634 0.0006411733003295803 5.38369593489444e-06 0.005126469216605165 0.0021552214268715994 0.006284261453877039 0.002617478988799916 0.0001355791276067535 0.0010651627877712188 0.0033856133431932095 0.004086373450330647 0.00776844118795257 0.0047678875189279355 0.010540722551837398 0.004823669227141882 0.004545741014056732 0.003097752237434257 0.00043913910240888303 0.002972361072222553 0.0034894688171176924 0.0034220786807369233 7.443219713541598e-06 0.002381479646799388 0.0014473484492708672 0.004721787490609354 0.004253486172301327 0.0043208736327622925 0.001779339252543156 0.0021365556466620005 0.0014964511382246832 1.392634314872815e-12 7.936719879280564e-06 0.006921225208115909 0.0014128591117822378 0.0028610971939741947 0.004011222445870752 0.0017782761892195314 0.0015356198835677268 0.0028595990022269083 0.0002373476277461053 0.00022192222585339943 0.0018283193458675374 0.002685818669723656 0.0003362096604951259 0.0007191425525359628 1.1105017289520458e-05 0.0009781105274406564 0.0018130307638281214 0.013472703744482981 0.0019378160120519555 0.0027806299163866963 0.004677894480896994 0.00015793174944676681 0.0038094676832061787 0.0034189219537554914 0.0012767468631299554 0.005297226651796676 0.00395392322676952 0.001196041692530795 0.004653606069143239 0.00012392049764797916 0.0022106979279579906 0.0007838724192654829 0.005626332973505708 0.004769506088193768 0.002524721904076726 0.0039052026505244594 0.0026659497635106995 0.0002469509562564151 0.0039049235488267417 0.003425811656819764 0.00027525618110402705 0.0026539035202128246 0.002857761065480193 0.002914613264341458
0.0024847367282784883 0.001995819887424255 0.0048415290331109955 0.0002317036473241463 1.9998761543208174e-05 6.296988913908489e-13 0.0031663618779556547 0.0020858868532749432 0.006851222525216453 0.00131383757164149 0.000874146577825576 0.00685124959445913 0.0031666266029895754 0.004320079051740536 0.00031727651955775713 0.0014687781520686418 0.0042742231729526 0.0049433018034853405 0.002480395858925505 0.00033835314656446646 0.003338710967432892 0.0009096522005884626 0.0008646790737537244 0.004422258907411996 0.0032365679382134775 1.6634224520600141e-07 0.001757068434281746 0.004515280773203007 0.006049856785336912 0.0030432452285337527 0.0008936660530546561 0.00020617530822640684 0.005149375814194551 0.003630964058213965 0.00028216891289949044 0.0002082320319633866 0.0035827929473620608 0.003995559168849969 0.005558482755219758 0.0022592989769013726 0.004182069344130279 0.0022276528852518056 0.0033894246938139926 0.0009981321221272652 0.0025639998831802806 0.002865741366304753 0.003989056995432395 0.004196511296134955 0.006674519612075784 0.00021120555683019681 0.0023469975476111573 0.008170214688831771 0.003878871967025336 0.00035116114160733253 0.00224766784286787 1.9524690588131285e-07 0.0003537548095757339 0.0009395979319381537 0.0006970927567477004 0.0038026279050846295 0.00019992105544422098 0.00029943645734217144 0.0015027093385880993 0.002758873435960102 0.004391071375649595 0.0032891061025967037 0.003657949843240474 1.5983583051484232e-05 0.002203093813973698 0.0020162881471953785 0.0036426239277676945 0.0017681722806467068 0.0033112920540461395 0.0013394934529256453 0.00236943002429559 0.0037883146274097093 4.8234271243423456e-08 0.0027133800984886565 0.0002864803317917961 0.005430578171516963 0.002558630928103804 1.1058061526031504e-05 0.002643100175842355 0.00068003348154408 0.0026098525700778115 0.000839077076528366 0.0024271279722094773 0.0011349559221538405 1.2723097590508237e-06 0.0008794759378122623 0.0018323847393757688 0.00206596277901195 0.0008841009516390358 0.0019594858265965403 0.0026037331272541087 0.00021736966263531283 0.005938506157467412 0.0013353625270385373 0.003339581705782342 0.0012279873852355985 0.001628498729976996 0.004389067316111896 0.008571343282150073 1.5993410145731306e-05 0.0021804621440150137 0.0025150142636111462 0.000551511670626007 0.004804402128603775 0.0042659999295249235 0.0024371603693522075 1.6341767110160878e-09 0.004140049315462503 0.003232539052378413 0.006071295479236922 0.0010186547471426463 0.0026443520396901054 0.0056292318855755965 0.0004862468544965377 0.0024704748481858196 0.0008192025464601056 0.0005810346677526347 3.2425726106804405e-07 0.0038620661384353265 0.0012454944076320347 0.000279079472234998 0.0013892863719843088 0.03168747660458038 0.0195222014005159 0.028599905560575786 0.02707561882430762 0.030451738993647254 0.022345172245539596 0.02231743378152688 0.019119505764783398 0.0287698601675979 0.02738108437604564 0.027806036563810727 0.033443703648254795 0.024076271763168566 0.014553688947295496 0.023847278456172634 0.024451727401902944 0.01741055060767082 0.02056030544227564 0.03190463874950422 0.019847644168007286 0.023304904768934643 0.00015027550969270615 0.0006450148422068538 0.0022994582700455804 0.009768645906230684 0.005429373044970356 0.0036668795487633903 0.0017850524151074175 0.002911620925022616 0.010382471415951574 0.004179180671279085 0.0015378775058318777 0.001985277020230709 0.002561499746295385 0.003628448951718112 0.004099700537609076 0.0061485629860866 0.003212438025850373 0.0014089315267996614 0.0026281813527327946 0.003186974416281662 0.00010397601561150007 0.003734965591800235 4.647672480642224e-05 0.0007006886426632483 0.00022472898140914508 0.0040353285936366575 0.0013411413199607113 0.00010515504461766863 0.0036819294443817692 0.0019860777400722276 0.002390397299395435 0.0005562375115291151 0.001308759661029911 0.0011305121879608983 0.0008524741839964019 0.003429836512443612 2.866523702251983e-07 0.0008299483413838328 0.0037412557875581265 0.005649807117911813 0.0009491004767632282 0.0027957736586605086 0.0014708167202470677 0.007332807940684465 0.0009816731137610969 0.0061595962133544815 0.003875110096908507 0.004678758374382688 0.003287899306829467 0.0006360533348516141 0.0034783691300127547 0.0030076776225207947 0.004970785131166448 0.003859521787256666 6.473187170339627e-05 0.0014753176628173033 0.006816153900665978 0.0015619611766684418 0.00042709928951797634 0.002516294822471311 0.0037942816937902037 0.0033598857325305704 0.0011394164787196244
0.003411952696552383 0.0010396720144408489 0.0032726794700078756 0.0006389081284350034 0.005232571007015778 0.0025486864193298305 0.0024028582733313115 0.0037609261040511405 0.003652355504542104 0.0018559151793173458 0.0009955953818045896 0.0019671109257921988 0.0002827885120688802 0.003040784595256492 0.0010422617083176706 0.00529285224083119 0.0017997165073924647 0.000547224903020174 6.371045966344003e-06 0.00031274775522907355 0.004215271268166898 0.0031787958141001865 0.0059308741206861035 0.0001653393897143836 0.0025255515125889943 0.0023851735170039605 0.00142647993107516 0.0034575681720928416 0.0044507246144101014 0.0032391228229459493 0.0007268081233559347 0.004573455362763457 0.010226719130336572 0.0028941224767067286 0.0004117402431600281 0.00028725858196185146 3.6191791334931837e-06 0.0009162574898364935 0.0036714837954824747 0.012774252618964792 0.005920725654572495 0.0025275060817111605 0.002919284105064301 0.00391602985372724 0.0037703588387148585 0.0012501475639123715 0.00491540027127882 0.0018567428832791464 0.0029998784516987904 0.0005056269264187058 8.518494784525696e-05 0.0034847890285614937 8.18464513091367e-05 0.003094669669260017 0.0016381856612691053 0.0017232007758518108 0.0023900118121565183 0.0039401352213456284 0.002621374572304636 0.00487791577947046 0.002697809982287267 0.002254520448840003 0.0010911166261655045 0.0027399335786502652 6.558636606438952e-09 0.0031286525720720135 0.0017230047950111918 0.0034644587011188476 0.00418639975695714 0.009103323374083547 0.0015845586217817444 0.0032445131009838815 0.0005424647730304534 0.0015481149788298541 0.0007741504648134835 0.00464442966512028 0.0016042894281815426 0.0012448573034041907 0.0002301083216750027 0.0013826990009721775 0.005008905589131856 0.00013302116031946515 0.002551441959221496 0.0010246937486462025 0.007560584720083796 0.001381198286915899 0.0006627497105834631 0.0038755278412503274 0.0011964394252905728 0.004502174752537541 0.0015590712766597016 0.0015470671071233962 0.0008968552562584169 0.003637431546076738 0.005941602294771307 0.0003332069994400472 0.0026904018649902433 0.004111174663066295 0.006837674705005668 0.0006809908231028997 0.0030081589346772305 0.002443723076146639 0.0012278722881232452 0.0029448693041303686 0.0024501061984771063 0.0001398404223833222 0.002915516035201455 0.0015154815784196186 0.0002168312467287836 0.00457095873633059 0.0029546972982879755 0.0014137868276585684 0.006140676978928395 0.005808418950048039 0.001870577949038875 0.003764816076140734 0.0008502043315282661 1.8792396819118062e-06 0.0007451540936088144 0.0050714412400219054 0.0032897322887727046 0.0009454186382236345 0.003352241294254315 0.006119088397882106 0.003917387411827682 8.369851303980241e-09 0.007345900444794074 0.0005394534704953711 0.00018995035811803543 0.006034411177246057 0.00014127438705338263 4.8810924657432235e-05 0.0016603030279174263 0.005489682583922469 0.0033163331888199114 0.003915963344331999 0.0038929426771772925 0.0023754241369445543 0.0026738188461509016 0.00046501843657725534 0.0007810058450855659 0.0004584094427999683 0.000704525347949935 0.0006116991600942807 0.0008636964596435706 0.0028810888517557683 2.545258989597541e-06 0.029931539902889482 0.02058392955009127 0.026256048866140348 0.027449439372913022 0.01951371419087861 0.02538954287700542 0.0368116875110838 0.022315946339519745 0.03377991643107149 0.021681552521417177 0.031348296988691286 0.020452098815676053 0.023667904263770037 0.016670133499149236 0.0229569198805709 0.03070413371259472 0.018445717501446236 0.01766285225343306 0.027874196176923893 0.025861828460866886 0.023758466816489108 0.0003455266993518296 8.557874309743079e-07 8.790537502992158e-09 0.00984116134778201 5.0183291066607105e-06 0.0010813725752337733 0.0028744500846903734 0.001121288794217487 0.005250635802441062 0.0024296248686225186 0.006293304799819365 0.00028818057438208803 0.00015213294120430885 0.0007796400304473195 0.00017614173451572547 4.019781913354047e-05 0.006899351076874707 0.001964860796634243 0.003679937195620825 0.001248855328496974 6.975303879935508e-05 0.007900525377107226 0.004175360435315609 0.0019091780273227691 4.4140418157167905e-07 0.002609155288125525 0.0046803314810660605 0.002207436759485442 0.00018542793754715842 0.0002064106917675334 0.0007311618314369533 0.00446022768951363 0.0004884630624645796 0.0006882182962756754 0.00012975497923923543 0.0031861146542476572 0.002155111010107322 0.0005899563092205849 0.0033794009585353503 0.0030062173440099653 0.0019276672972048875 0.007248893370931224
0.0009213425070117967 0.002298642877448196 0.0033306544510818686 0.001613007795340348 0.00011121189173150646 0.0018989369755329328 0.0023391760335298183 0.001215530202118946 0.00624267879938675 0.0022501971171614756 0.001966611280798886 0.0009267189932575132 0.003343571622631115 0.004765341705078609 0.0008267310152485289 0.0026043114218995346 0.002346170615742156 0.00432451509067203 0.0025793561509151737 0.0004516439097836015 0.00019854120359726114 0.002674720026884976 0.003943365233080738 0.005853887278393966 0.00015399963507891498 0.00474249316564737 0.0009051114797794296 0.004240463862506269 0.0020322458585298343 0.004838167735158633 0.0004479250401222394 0.00011659697638677867 0.0024720686288624786 0.0023788515052199878 0.00035158889529067955 0.002181133243331913 0.0042500092229030865 0.0019109839175376604 0.0011105125676752917 0.0008162517452636699 0.0008245019067716593 0.005697828016567934 0.000810994577743848 0.001803195674645848 0.002164967192140874 0.001254694300586305 0.0032686803608439645 0.0028961948764001885 8.075012496163868e-06 0.005672431916766223 0.002852236896145951 2.616071941695876e-13 0.004453411330323795 0.0033692092194253084 0.0013800338335345714 0.0035253174696562657 0.0011632777737312573 0.002437249492766284 0.0019441749487609074 0.005083701525546568 0.001761779791423861 0.0010503522178972246 0.003161066431737714 0.003626072651584301 0.003737707064620092 0.004988682556227008 0.004093583434920543 8.305486165304062e-06 0.0031057901716145687 0.002339583333346217 0.00018247039254276412 0.00015141505173613782 0.007054669031791716 0.0012642644526544915 0.0027385292804991326 0.00029948070452178507 0.007985100772457737 0.00017264859599841617 0.0034992486153408043 0.0016587448996704733 0.0002223463749053216 0.0014934805781533062 0.007683366421508335 9.58475237013053e-05 0.0013555794419048038 0.0058030754392379294 8.248534381690797e-08 0.0032123439077309237 0.0008879350900140843 0.0034050037399911016 2.3285146387349164e-05 0.0006267551714883709 3.71958658583648e-15 9.469749616294083e-05 2.659442701261712e-05 0.00570718752824142 0.0005160223788298116 0.0008837972264894825 0.009531806342075247 0.0005757953364455015 0.0023505901670910693 0.00946440065826807 0.0014058057237621444 0.00014236408995630447 0.00021376682704183326 0.005743698112145246 0.00012690669710319568 0.00328468812470041 0.002603542674478067 0.003407105637684278 0.007535878921630631 0.0011568944347444099 0.00025833026765580505 0.003069109323823822 0.0052692887361671555 6.499645593356145e-05 5.519592549335652e-05 2.5110140147637536e-05 0.004632103404127264 0.0001849926661958728 0.0010491093830649163 4.545942732700859e-05 0.005933080059050881 0.0035212519317924097 0.0006630405650597232 0.0026561785814188843 0.0019489330235502348 0.002797182270436201 0.00131138382258523 0.0018973151917500964 2.934326598546633e-08 1.6833116231348566e-186 0.0030882845770231347 0.004274316385518059 0.0021907541351841877 0.0029509891194453327 0.0038649103883682057 0.002766898703047728 0.002431332420144177 0.0006142319450776683 0.0006613801555700907 0.0030755690101351312 0.0022440441227893344 0.004042712732894244 0.0005444641536567319 0.000801597683939235 0.004098304899185653 0.00423598138462946 0.00677647304382999 0.006424642491653268 0.0005487442074163671 0.0024907868361638973 0.005122883423367947 0.00023056843921749682 0.0033863650424494755 2.8176201690154198e-08 0.007781888104303576 0.003015786417665489 0.003915415970801124 0.0020177964096660442 0.00296008167595983 0.003316430720429117 0.0033787684504452825 0.003923540565190496 0.003934661841831018 0.0029843511933583646 0.0002532151200351412 5.0953331855408765e-05 0.028900390652483354 0.029585978500323636 0.025664396658725854 0.03094938554959592 0.02438392879061262 0.026402243837768177 0.023393533756952422 0.024458317928930228 0.03299393770920629 0.02780395188003093 0.027195841598592906 0.03246505854768309 0.017881410574409472 0.022621656004544518 0.019678006035469226 0.02127273605461653 0.020725531304388464 0.016979792361414014 0.02595620138306413 0.017346261934072432 0.029459656285341036 0.007737845373275473 0.00044571597818727636 0.00014909389558673662 0.008874738451372807 0.0021759663036596947 0.003842941865332879 0.0034750125572285766 0.0012402261380089212 1.4112910970203686e-07 9.316029703245859e-05 0.0017797101416361814 0.007588024617041909 0.0033331106232277943 0.0005083101405935084 0.004521743501853405 0.0036178810465239742 1.1014578836112078e-08 0.002922898864720939 0.00152542191806762 0.004361183761935567 0.0008618181717842114
0.0052102681386980475 0.004709447780608435 0.001648739501177991 0.0011606917363572652 2.1992095349038254e-05 0.0019272670208539764 0.002938716965208494 0.0009209482461007356 0.0020430482360914277 0.0068273759378963345 2.990695599301398e-06 0.0006408543811319716 0.006801161149471316 0.00023751826250384143 1.5516504697645725e-05 8.411108629650481e-06 0.007416941208634256 0.0017194806698021957 0.0029086352988029036 0.0056988850968645935 0.0006004700990403771 0.004840472338933063 0.004021287676595742 0.005016282814237926 0.00011229450242013207 0.006560663458619377 0.000754197680876521 0.0020582139987751482 0.0012129746787072125 0.0007028630813302134 0.00758923073933001 0.00475052616333826 0.0002131123445197783 0.0007311905751562254 0.0010482831807455322 0.0024549225317965135 0.00024455285981985164 0.003531814852203137 0.003513852903258391 0.0026226019348336927 6.463170015923685e-05 0.0011598991343827346 0.004354206069863681 0.0016715803790201423 2.865053700919389e-08 0.0012013032354716998 0.0010627621321892735 0.003064347176413039 0.0004273626883491077 0.0010726273421132043 0.001164273688844193 0.0025805248233857865 0.006033773333050846 0.0011315967223831669 0.00374737239649616 0.0044420592579481845 0.0010277690395010398 0.0003200087384299456 0.0032424772453548078 0.0008095811974098468 0.0002936088445064749 0.002758438951956447 0.0014361889183759989 0.0009141720067791378 0.0003177772594387562 0.003682881775270064 0.0026910164752260274 0.004318898587803955 0.0017279184912136125 0.00021247232799753675 0.00104254985862968 0.001229433734666949 0.002316054979902384 0.001036630942274461 0.001986391243970323 0.00041754263845404 0.004880977100309697 0.0015369927069883355 0.002167214717348963 0.001817028723681635 0.0016749931389820195 0.0013901035948225304 0.00559642776437104 0.004438498417055927 0.0004785342582339998 2.451389118553619e-07 0.004579679324011503 0.00033165990761689016 8.43165960750436e-07 0.00208532873863163 0.0023071989895271767 0.004045618228223042 0.0012914689651897856 0.0056775322868079185 0.003042761562134736 0.0003496190603074001 0.005076250788997302 3.647406401792905e-08 0.00039991076370651633 0.0051545291719982435 0.001630633112534372 0.0014817081847306789 0.00047682795906085545 0.001830692973123073 6.210220019377285e-05 0.0018804085701469126 0.0027688106344872874 0.0004776573037943334 0.0019060877445548328 0.0009696210246313402 0.004355245794829764 7.495284220332538e-08 0.0027064557979394805 6.601821090563567e-05 0.001971668746833484 0.0042235463064938345 0.0008336012426877948 0.002372951959802226 0.002778527334446938 0.0063563385204914715 0.0033095532780782794 0.00209317784195561 0.003260223577100146 0.005634642692825071 0.005112158063892676 0.0013145666861256178 0.0016980675799507887 0.0002830569114614903 0.00015754652762608025 0.003810574282147521 0.0022905302750217365 0.003058450243056028 0.0034912014903787443 0.004935294825555954 0.0059105652829186655 0.000994185405718331 0.002840779667816772 0.001765332056330159 0.006123837568102459 9.655025213475371e-12 9.299762233477071e-07 0.0029441865122388174 0.001960608014654893 0.0006317118655814313 0.006898123592517569 0.0023331268956964272 0.0027297599807123655 0.0029105915183699565 0.001615394601456013 0.0007017920144063675 0.00017420112254248928 0.0009659994749957307 0.001990953160366141 0.002285285901616499 0.0013762439898239004 0.0032574716493420286 0.0029822590402266277 1.0299431357318906e-07 0.008908592091110506 0.00347400988036538 0.002791884395237675 0.0019049068489397614 0.0017467438858877842 0.004968824457577844 0.00467639917628951 0.005977702304542956 0.0022979464605119523 0.002231668920204543 0.0063823726941481225 0.0005366754968556353 0.001137393519998467 0.0055049826954743815 0.004879936920832354 0.0006125419970200465 0.0024990490747985655 0.003460478726246405 0.008591227355903687 0.0010630719661098825 0.001599772814698911 0.003907095852823497 0.0015340720134072695 0.006380209744517445 0.0020135522159485226 0.0021626331831666626 0.008311701840535285 0.0037592881000019424 0.007068413979108723 0.0025712705146713494 0.00013370365122779743 0.02040375685331235 0.021167414955282998 0.019834842927023602 0.021957741933358844 0.023917097504597223 0.02979734601517329 0.023904282517236603 0.028937848487729446 0.02159219329668414 0.027590769262268083 0.02756035644465454 0.02740891940927862 0.02818829573979444 0.028620365294696196 0.026445731027085206 0.033295146460358124 0.0271190521166135 0.01765594105142139 0.025432222265899158 0.02040902111781394 0.023959753971555413
end
