1回目1.0452028040911139
2回目1.0319643158765208
3回目1.04647144417904
4回目1.0299562915708718
5回目1.0363379651942568
6回目1.043118841498266
7回目1.0436441162270627
8回目1.0566596452852988
9回目1.0413757026071608
10回目1.0353729574601314
11回目1.0451325580600084
12回目1.026647638041935
13回目1.0450215007105883
14回目1.0408070210661546
15回目1.0386154933283958
16回目1.0408939790042404
17回目1.0474857041497865
18回目1.0486498087279224
19回目1.045889907796186
20回目1.0464714076440527
21回目1.032535678995232
22回目1.0460730264940152
23回目1.047162262613618
24回目1.0468677771057995
25回目1.0394062347711157
26回目1.0308514705598768
27回目1.0371476850928183
28回目1.0456515854858384
29回目1.034977168673953
30回目1.0447128078555583


each_result
1.04530424077726 1.0453789216010105 1.0451175121341736 1.0453260267980031 1.0450272938735734 1.045084084736804 1.0451707375874775 1.0450341015352542 1.04534851113741 1.0452366107301732
1.0318101819988845 1.0319009710512723 1.031959012187477 1.0320189842703746 1.0319981589257092 1.0319769578766287 1.031966299385015 1.0321439999513202 1.031957062945242 1.0319115301732837
1.0463585649258176 1.0464504535415824 1.0464471368210895 1.046570772797642 1.046467071455928 1.0464544874895327 1.046506579398674 1.0463993329718173 1.046544248114061 1.0465157942742553
1.030097283843577 1.0300499408785924 1.030125539007324 1.029911901771609 1.0298652647103104 1.0298874459843779 1.029859876021086 1.0300991087128826 1.0298348781234004 1.0298316766555573
1.0362111746171572 1.0364847695278372 1.0364356932166356 1.036334672994996 1.036308615417015 1.0363917092084522 1.0362155391686558 1.0360215317278865 1.036521437005652 1.0364545090582813
1.0432574209714565 1.0433244252827578 1.0430826935044577 1.0430010557067437 1.0429305454425706 1.0432017443767954 1.0432324974713638 1.043043847195998 1.043053103593509 1.0430610814370078
1.0436979724422768 1.0437544237269207 1.0434729095229662 1.0434950219503696 1.043647313035205 1.0437145471206464 1.0438432455008937 1.0432912130917573 1.0436758489657512 1.0438486669138383
1.0565370207459788 1.056471216441158 1.0566133594955673 1.0567814099611115 1.0569555869972105 1.0566658239252809 1.056733019003893 1.0565675278838367 1.056515651236806 1.0567558371621442
1.0413999798656186 1.0415348911540965 1.04132099520538 1.0414779242918781 1.0413140657947861 1.0413747404179563 1.0412956763528054 1.041231873370245 1.04134071076447 1.041466168854372
1.0353950282344981 1.0352358606669188 1.0353104287548471 1.0354184962879525 1.0355232617824066 1.0353786650541754 1.0352958432839514 1.035515796343039 1.0352001134631386 1.0354560807303859
1.0450635386755593 1.045054349452783 1.045226910022055 1.04512506685768 1.0451412756883234 1.0450035579494488 1.0450955051980932 1.045218297511682 1.0452646040191784 1.0451324752252795
1.0267170725165298 1.0268998283418183 1.0266332397377167 1.0266646471629453 1.0267564265013636 1.0264617266754639 1.0265491698958806 1.0265212085634696 1.0265667017171196 1.0267063593070427
1.0451011775491579 1.0449901075701022 1.044972784097487 1.0448787270913447 1.0449096746209305 1.045098780413319 1.0450325905431763 1.0449979562840919 1.0450725090887318 1.0451606998475411
1.0408279359033927 1.0409081953372583 1.040852377298731 1.0408170732777506 1.0408004703796854 1.0407350345775817 1.0408440905280523 1.0405707238005286 1.0407464188514526 1.040967890707112
1.0388084017607124 1.0385279713938393 1.0386612354676794 1.0385637511465016 1.0385769665103104 1.0386081036685395 1.0385038727206528 1.038579168841159 1.0387595743216615 1.0385658874529042
1.040963395318548 1.0408991897166353 1.0408457906760982 1.0408841471036494 1.0407717206859504 1.0407715939929802 1.0408398853673235 1.0411026531198684 1.0408696438327394 1.0409917702286124
1.047296730096206 1.0474377247047464 1.0475473430419888 1.0473935790235374 1.047314406069133 1.0474221144630922 1.0477523738942591 1.047487994748395 1.0477483407592787 1.047456434697228
1.0486945048803944 1.0485333232886287 1.0486113639197836 1.0486268260600977 1.0486794941855238 1.0488617598070644 1.0485941593110104 1.048720884547669 1.04853676177745 1.0486390095016005
1.0459531323392617 1.0458759486743914 1.0458604904009694 1.045940090019897 1.0457465182235202 1.0459404346665822 1.0459959027744272 1.0459268166722433 1.0457990317008266 1.045860712489741
1.0464431112431591 1.0465462366120541 1.0464147756445716 1.0465480356018304 1.0463976580503738 1.0464357181027584 1.0464643760860441 1.0463715305557983 1.0465729928467147 1.0465196416972218
1.0324697111608554 1.0324818048507465 1.0324870335704275 1.0326407595881328 1.0324809315403778 1.032602165623916 1.0326529894130594 1.0324791348267504 1.0325696041759587 1.0324926552020945
1.0461310775502606 1.0461780271216148 1.046087241926673 1.0460148938533393 1.046054151822725 1.04604789558052 1.0458756008655807 1.0460989538720342 1.0461520094442116 1.0460904129031914
1.0471693342227641 1.0471121266450933 1.0473672612898948 1.0471733048095815 1.0473024262256028 1.0470190665602794 1.0471387613238425 1.0470669334923597 1.0471994366938657 1.0470739748728957
1.0469203957579065 1.0467706262177157 1.0469000209082528 1.0469365836748739 1.0467238950164506 1.0468722212260193 1.0467680415851959 1.046901668952403 1.0470877507834546 1.046796566935723
1.0391821461283828 1.0393955848835053 1.0394597022862908 1.0393654098313072 1.0394367589706126 1.0394252406126343 1.0395379638957294 1.0393419791877747 1.0395033647194132 1.0394141971955064
1.0308714830478096 1.0309050525714065 1.030982553045518 1.0307822662759565 1.0309103621132276 1.0308731311919608 1.0307960902030664 1.0308668858370071 1.0307702907070053 1.0307565906058096
1.037158433545703 1.0371939919343214 1.0371857752127478 1.0371160025406438 1.0371117874774685 1.0369206929744175 1.0370611637790106 1.0374169444349097 1.0371855506700458 1.0371265083589154
1.0456357800125178 1.0458253811113851 1.0457570141453858 1.045570882050875 1.0456545642935127 1.0455764015942057 1.0456691894118226 1.0455272478514919 1.0455799156151209 1.045719478772066
1.034965442323045 1.034971609456571 1.0349385859598041 1.035036086654146 1.0350275464626313 1.0348646680146818 1.0349387407165918 1.0350770535777043 1.034956208560707 1.0349957450136487
1.0447394873992335 1.044696331740329 1.0447560374655473 1.044804942988621 1.0445256508259568 1.0447880020473113 1.0446755942897359 1.0446586108345737 1.044746906845236 1.0447365141190375


