1回目1.0319737864323906
2回目1.0400543996606484
3回目1.037042455848879
4回目1.0382205427719118
5回目1.0399876545967994
6回目1.0374830628120626
7回目1.0354027650457769
8回目1.0328000864971374
9回目1.056827371837819
10回目1.0453554311442743
11回目1.0488129640602517
12回目1.0350860843164686
13回目1.0426577733122033
14回目1.0484135545181983
15回目1.0322143667384276
16回目1.0617784227444118
17回目1.0446811732198669
18回目1.0351472903698864
19回目1.0254412812502716
20回目1.031358592220844
21回目1.0391488580619799
22回目1.0407406597944764
23回目1.0335982507059271
24回目1.0547139926003877
25回目1.034122492884774
26回目1.0344161349067147
27回目1.0467053332571972
28回目1.0374027687714231
29回目1.0453319851360579
30回目1.0478127901399723


each_result
1.032008404331431 1.0318522834158677 1.032071666256529 1.0320734658950204 1.0319006049442323 1.031985874572624 1.0317768659198114 1.03192288900785 1.0321314885319448 1.0320143214485973
1.0401147067529088 1.0400240853732916 1.0400711630170472 1.0400620024291172 1.0400765913015568 1.0401738098540156 1.0399714464096137 1.0400395957923174 1.0399516957459447 1.0400588999306712
1.0371091549667562 1.0370836150309892 1.0370956081737426 1.0370384895580327 1.0367932667052309 1.0370998089603733 1.036915762747392 1.0370659620736433 1.0371049674889732 1.037117922783657
1.0381083606469477 1.0382034839519585 1.0382848406865588 1.0382072515832759 1.0381157721372518 1.0383472316457971 1.0383225969699368 1.0381491140497827 1.0382619340684476 1.0382048419791599
1.0402799897752832 1.0401843682721532 1.0400259808207015 1.0398812392825636 1.0400083813074192 1.0398618593775768 1.0399528628104762 1.0398674449148053 1.0398410058724352 1.0399734135345782
1.0376365201685331 1.0374596431500789 1.037465315237961 1.037504402619471 1.0374356339508213 1.037453399619392 1.0375759930153918 1.0373650701347255 1.03747981092824 1.0374548392960117
1.0354828269444547 1.0353721849665232 1.0353875387593703 1.0353882974167858 1.0355295655358854 1.0355248368128636 1.0353099787197715 1.0353248845684924 1.035375873766604 1.0353316629670195
1.032786717690408 1.032793822813003 1.032768597168782 1.0327863846483312 1.0328282263109276 1.0328549534321947 1.0327793895640704 1.0327709897336463 1.0327076031234201 1.03292418048659
1.0570285140886495 1.056691773322242 1.0569779582862293 1.0568252570675143 1.0566724589400984 1.0568510662466166 1.0567415371380735 1.0567966969659066 1.056822369123723 1.056866087199138
1.0453755611766318 1.0450609629525411 1.0453569762871933 1.0453839403867666 1.045296807582976 1.0453931763094668 1.045498534978158 1.0456513585829164 1.0451344224997121 1.0454025706863812
1.048924054410399 1.0488044726171473 1.0485045410900238 1.0488263043177097 1.0489534122781443 1.0487021998391717 1.0489700527079309 1.048818834033182 1.0488809841674607 1.048744785141348
1.0349497936332686 1.0351271764249843 1.0351036291785811 1.0349737118758777 1.0351653751068628 1.0350769828725939 1.0351902474498935 1.0350368106332808 1.035063378518662 1.03517373747068
1.042662078728309 1.0424496360453668 1.0427086362319946 1.0426202774173328 1.0425980791113454 1.0426100373186304 1.0427124336297786 1.0425240002932483 1.0429614385997572 1.042731115746271
1.0483753772302593 1.0485121587645136 1.048454563234809 1.0484648930628577 1.0485139091662952 1.0484881561620607 1.04824263938852 1.04826599928498 1.048284153206619 1.0485336956810671
1.0323598885992618 1.03203595401907 1.03224278285941 1.0321411700506433 1.0322056570436582 1.0321235177862271 1.0323445514142866 1.0322710687692356 1.0322848640018611 1.032134212840622
1.0618982271992419 1.0619724837581812 1.0616365138589532 1.06183864695471 1.0616118053319192 1.0618103390552907 1.0618070323341404 1.0615810962993262 1.0619311256244395 1.0616969570279153
1.0447164867773933 1.0446611390806353 1.0446043215423395 1.0446485628757964 1.044662626082954 1.044666905560395 1.0447554262260155 1.0446444870963236 1.0446293287438366 1.0448224482129798
1.0351874185278533 1.0351521596154343 1.0351681502726857 1.035166684227846 1.0350194381601343 1.0352264613225137 1.0351835446596267 1.0350668240970125 1.035109524858789 1.0351926979569688
1.0253385247520577 1.0254398245305671 1.0254220030626893 1.0255167044702969 1.0253052433390177 1.025494746938793 1.025539850735192 1.0254619511267176 1.0254671468040846 1.025426816743302
1.0314745403781331 1.0314788717123902 1.031296328708843 1.0313712436580205 1.0313521631143328 1.0313243928561775 1.031320517783589 1.0313040535368685 1.031369281710335 1.0312945287497501
1.039324778008974 1.0392089614713897 1.039159329190817 1.0390610051390712 1.0390556520995564 1.0390876828483617 1.0390689358556326 1.039183315861726 1.0391711929939569 1.0391677271503135
1.040590213340468 1.0407659043415876 1.0406962269675162 1.040792232957368 1.0407988676313884 1.04058989755727 1.0407614227087565 1.0408350486756797 1.040899637909158 1.0406771458555726
1.0336981381934178 1.03372250644895 1.0335525281404105 1.0334394828052704 1.033681334114458 1.0334918556395554 1.0334800830077269 1.0335493311940642 1.0336924105604297 1.0336748369549882
1.0548019381519462 1.054725740008355 1.0548339160960742 1.0546628184164588 1.054704674665883 1.0547006990593575 1.0547056886369768 1.0547223353041715 1.0545989671177722 1.0546831485468813
1.0341115603532194 1.0340888706597442 1.0340679622000464 1.0342795132053628 1.0341616705259191 1.0342994794529599 1.0340870807181435 1.0338878798616413 1.03428631208273 1.0339545997879738
1.0344798844928786 1.0343960085054849 1.0343312296701355 1.0344724705734039 1.0344352572816267 1.0345195671927758 1.0345289977737482 1.0343866371772052 1.0341856164338625 1.034425679966025
1.0467489064013182 1.046857945428627 1.0466128181872012 1.0467531436608568 1.0467061971443592 1.0466271986119497 1.0467735064548653 1.0465677886058897 1.0466977389032277 1.046708089173675
1.0374804795823327 1.0374658546720308 1.0373251290346233 1.0373447290359996 1.0375249807940286 1.0373792910931754 1.0373254010223525 1.0373144493252924 1.0375626649264174 1.0373047082279803
1.0452016715951695 1.0453269570856987 1.0454793838538938 1.0454545038592524 1.0452996886493178 1.0453265185223066 1.0453256815124874 1.0454632295210373 1.0452804091957248 1.045161807565691
1.0478744065474768 1.047713911255004 1.0479378329624152 1.047606471113523 1.047833971028893 1.0479307751626852 1.0478668336254446 1.0477308279052229 1.0477564271215143 1.0478764446775428


