1回目1.0436730602326185
2回目1.0341613698076269
3回目1.0334850052755318
4回目1.0364892893656674
5回目1.0380170212847672
6回目1.0352488072887218
7回目1.030674175741868
8回目1.0352754931845287
9回目1.0332724678334364
10回目1.0428948431741272
11回目1.0382570781503122
12回目1.040689123017409
13回目1.0308716324795715
14回目1.0418838979606495
15回目1.0358693211574717
16回目1.0475847884915162
17回目1.0397822355060395
18回目1.0316191653709386
19回目1.0502693767235978
20回目1.030754116600912
21回目1.042935697979368
22回目1.0411798468730136
23回目1.035026320953103
24回目1.0435937918437808
25回目1.0420334783545402
26回目1.0422157013813096
27回目1.0498705661320558
28回目1.0540646799718805
29回目1.0287540372216646
30回目1.044283127941821


each_result
1.04365764754658 1.0436178566676286 1.0436264588778212 1.0435569942987817 1.043698615169212 1.0437389633578869 1.0437741698716811 1.0437542438986693 1.0435618997208913 1.0437437529170313
1.0342158186013666 1.0342201148306982 1.0340485122486478 1.0341408456558052 1.0342004481924147 1.0342783736825931 1.0341263250154427 1.0341248129619038 1.0341648423247625 1.0340936045626354
1.0335003992627967 1.0335478620022833 1.0334414750324656 1.0335351923250355 1.0334560511608213 1.0334326815782016 1.0334468256144493 1.0335757701556996 1.0334481186534545 1.0334656769701094
1.036564855367764 1.03649996753621 1.0364794815296665 1.036418637706959 1.036469264532055 1.0365357981411054 1.0364310094133211 1.0365499871396278 1.036516039601786 1.036427852688177
1.0379757190864007 1.037946549998444 1.0380290523779103 1.0380706848038632 1.0381276740635008 1.0379605623908372 1.0380297064361086 1.0380481059663624 1.0380328763433824 1.0379492813808622
1.0352605850569712 1.035302012038638 1.0351305541871465 1.035364256608131 1.0351725187403469 1.0352516212204947 1.035315479293412 1.035311296774813 1.0352249459920257 1.035154802975241
1.0306625153638806 1.0306063351034294 1.0306759344769898 1.0306968717343834 1.0307376620724356 1.0308299418950138 1.03054691382092 1.0305780308347696 1.0306605181476076 1.0307470339692502
1.0352164544728892 1.0352561321947613 1.0352513925129558 1.0352893595914596 1.0351210642293838 1.0353645017272177 1.0352578293579948 1.0354392981734553 1.0352261980200657 1.0353327015651053
1.0330994405067928 1.03311132976372 1.0334814384317832 1.0333546864236518 1.0333219586433644 1.0332527227167687 1.0333589820099296 1.0332213367324397 1.0331307924428692 1.0333919906630438
1.0428442208925681 1.0427691111584152 1.042989642127497 1.0428987502293512 1.0428480267337044 1.0429518447119284 1.042966834519391 1.042876528001057 1.0428497753491561 1.0429536980182048
1.0383424616027883 1.0380661315271718 1.0383790001622706 1.0384306010070354 1.0382242758516806 1.0382281569148553 1.0382156031602494 1.038071318436477 1.0383151385638367 1.0382980942767552
1.040676536168762 1.0405282315533373 1.0407484830967804 1.0407000002911337 1.0407661802347643 1.04073039987929 1.040741594601917 1.04060008517941 1.0408560074548334 1.0405437117138616
1.0308865593602736 1.0309251466878013 1.0308960427512759 1.0308612482516224 1.030844240057768 1.0308926998201222 1.0308572734891541 1.0309186148583618 1.0307439362546986 1.030890563264637
1.0419309748364578 1.0419836023572466 1.0419161329428563 1.0418367970920634 1.0419097744465438 1.041840382536633 1.041934685180018 1.0417888399672885 1.041834152688175 1.041863637559211
1.0358399648417327 1.0358033654184169 1.0360040570263078 1.0357182888226426 1.035839090923873 1.0358980970593148 1.0359400226805842 1.0357774145028855 1.0359902385420061 1.0358826717569534
1.0474747823898285 1.0475592660255453 1.047679881226059 1.0474501475880564 1.0476685356449997 1.047582746974173 1.0475601789721631 1.0475309019270287 1.0476760194578345 1.0476654247094717
1.0398182757267553 1.0397985381466008 1.0398052470968644 1.0398528681736592 1.0398662432536836 1.0397187037587459 1.0398789198025562 1.0397123313987777 1.0395800604771879 1.0397911672255615
1.031499513861934 1.0316581017045718 1.0315459899993427 1.0316077898464755 1.0317793529665675 1.0314539391846027 1.0317102998004781 1.0316083402698442 1.0317729203884813 1.0315554056870868
1.0502422547661798 1.0503803833122727 1.0501912664561541 1.0502798758816774 1.0501494233023854 1.0503311747533377 1.0503263397671716 1.0502054178269533 1.0502230587279153 1.0503645724419295
1.0308145752292575 1.0306773068952075 1.0308588789903228 1.0307209916359756 1.0306957294345596 1.0308343863369807 1.0308283905145443 1.030771149232954 1.0306757849237107 1.0306639728156057
1.0430412649879133 1.0428842225100095 1.0429033991303012 1.0430436729322654 1.0430353662704326 1.0427762807740375 1.0429493830969345 1.0429529904635249 1.042823461444864 1.0429469381833962
1.0411331112642808 1.0410498159072596 1.041065557146846 1.0412446773180573 1.0412609175130587 1.0411993834472384 1.0411379218409862 1.0412616460030035 1.041195041878793 1.0412503964106115
1.0350038924008136 1.0349923391499596 1.0350076151672005 1.0350406899897602 1.0350745187804922 1.0350218472387251 1.0349731121470624 1.035099118643568 1.0350080549961922 1.035042021017257
1.0436789346991253 1.0435024775459234 1.0435892199215213 1.0438085235619377 1.0437687410464072 1.0435324122826037 1.0435673243184072 1.0434387878338265 1.0436063930019739 1.0434451042260817
1.0420436916097868 1.0422370560233896 1.0419054913762822 1.0422005401492462 1.0419472885945433 1.0419543063448473 1.0417638670555778 1.0420040318960568 1.0422467988253616 1.0420317116703102
1.042205536634666 1.0423164862792578 1.0422536181119164 1.0422290415069269 1.0420317856760464 1.0421353223433425 1.0420794769913173 1.0423876130795915 1.042238282825867 1.0422798503641626
1.049740264552909 1.0498062870702864 1.0497859727330705 1.0498335087186328 1.0499926992653619 1.0498297434206623 1.0500196089072744 1.0499681177289828 1.0498130964752173 1.0499163624481607
1.054144227468357 1.0539435869904694 1.0538863133257041 1.0540127269902433 1.0541037845651937 1.0541894400355991 1.054064582349535 1.0541504911788055 1.0541749466478145 1.0539767001670826
1.0288322519083184 1.0287420717373048 1.0286938058007393 1.0287343704751775 1.0287002948384256 1.0287324514050669 1.0287796121275312 1.0289761677766756 1.0287645518453574 1.0285847943020512
1.0442381001941745 1.0441755301027962 1.044288585925101 1.0443499124515006 1.044432922792218 1.0441154787341813 1.0442926627252975 1.0442481349442838 1.0443743332603224 1.0443156182883349


