1回目1.041204736293469
2回目1.0365130012080053
3回目1.0545538523968163
4回目1.039145694827943
5回目1.047459286072095
6回目1.0340481725304107
7回目1.0386555719656285
8回目1.0584737089655176
9回目1.051343174943138
10回目1.0538202800955156
11回目1.0374897315979799
12回目1.0353638293874625
13回目1.0207946594666903
14回目1.0412129853462893
15回目1.0438787334559545
16回目1.047407617837182
17回目1.052669688154357
18回目1.0379285214103464
19回目1.0284053674638796
20回目1.02552297919535
21回目1.048352539849243
22回目1.0412551806249242
23回目1.0453049730503197
24回目1.0294826289065078
25回目1.0396087930356057
26回目1.0318431958419638
27回目1.0348922252823727
28回目1.0381913538833138
29回目1.0412728304661447
30回目1.0413360251023414


each_result
1.041187017120046 1.0412299449680205 1.0411767065616302 1.0412495401162958 1.0410880886415979 1.0412828158939782 1.041220380525156 1.041197837595676 1.0411470409741848 1.0412679905381061
1.0366819847963693 1.0364950011933514 1.0365785718016278 1.0363940182047777 1.0364891619618724 1.0365045527137438 1.0365444082502886 1.0363992538393023 1.0365573927035876 1.0364856666151314
1.0544098485868643 1.0544614125216003 1.0546366492023866 1.0544947819415198 1.054582795212304 1.054675048553764 1.0543573122505516 1.0547302703152353 1.0545469425135756 1.054643462870365
1.0390953296669383 1.039017229314174 1.0390484506550328 1.0392214636494317 1.0390749657352638 1.039177469073041 1.0391685778391508 1.0391703681110727 1.039206148038108 1.0392769461972158
1.0474171388246651 1.0473242986897227 1.0474707021240717 1.047566933462926 1.0474075884590541 1.0472354907992947 1.0475917231952947 1.0475523042839208 1.0474064559555116 1.0476202249264877
1.0339500162513413 1.0340474171096137 1.0340011857662534 1.0342631392872397 1.0341451813257019 1.0340732700106139 1.0340558258573955 1.0340044373073525 1.033971115549688 1.0339701368389063
1.0387307482800874 1.0386445976054055 1.0387381949101617 1.038516637960162 1.038787090358793 1.0386818874811117 1.038455212969091 1.0386088091329866 1.0387325079114214 1.0386600330470646
1.05855405829101 1.0583513203009784 1.0584469592156782 1.058642848425309 1.0585051216490142 1.05836134122845 1.0584327699687075 1.0585198770177386 1.058443291123661 1.0584795024346285
1.051473258962317 1.0513440108909082 1.051153662229797 1.0512420189098561 1.0511198101890742 1.0517164938494774 1.0513910964987003 1.0513511022079327 1.0512588067434816 1.0513814889498339
1.0538126120248674 1.053759780604244 1.053824560945628 1.05402161233514 1.053694787069581 1.0537751295603999 1.0538313094687168 1.0537430478664835 1.053934296619885 1.0538056644602076
1.0374788763313136 1.0376109127340953 1.037554293162792 1.0374642895672757 1.0374872170855924 1.0375424889733798 1.037361327955014 1.0375082371238948 1.0374440321359328 1.0374456409105053
1.0354824422464062 1.0352581917025554 1.03530682431038 1.035265769900957 1.0354600735997717 1.035440655198941 1.0353484904193595 1.035368549032502 1.0354306151252795 1.0352766823384751
1.0206154646476309 1.020914110552538 1.0207289976932667 1.0207796116886647 1.0210033989811251 1.020912338811434 1.0206272358302295 1.020894103073222 1.0208890445473373 1.0205822888414573
1.041177673633999 1.0412335763195464 1.0410830826997182 1.0412166870159931 1.041239128651431 1.0413728061042702 1.0411047386557761 1.0411632075049544 1.041278270040194 1.0412606828370092
1.0438329192888687 1.0440694474060284 1.0437765404032673 1.043805499606471 1.0438534871950924 1.0438588622320486 1.0439085869885412 1.0439719197650983 1.0439941186608988 1.0437159530132303
1.0474178205206963 1.0473594331829847 1.047349510379879 1.0475267231613077 1.0472465050410729 1.0474215764214372 1.0473695550932622 1.04752709195792 1.0473799952233154 1.047477967389947
1.052841823290025 1.0527358645265346 1.052794420168154 1.0527313551893533 1.0525455235020216 1.0527360597666615 1.0525869632356506 1.0526369869138077 1.0524781700044032 1.0526097149469567
1.0379848002596654 1.037894117714175 1.0378954264949238 1.0378368491288643 1.0380057358505188 1.0378889659375403 1.0380578767788786 1.0379650245762115 1.0378323708810582 1.037924046481627
1.028317818332041 1.028494368326572 1.0284546443872855 1.0284607390611198 1.028377110784837 1.0283465056861052 1.0283652448921508 1.0285204426989147 1.0282732136206048 1.0284435868491664
1.0254187361727793 1.025380150527646 1.025562478137635 1.0255696194671906 1.025569396507575 1.0254250227721275 1.02548403920322 1.0256384326210206 1.025531876113511 1.0256500404307929
1.0480851333116308 1.0484576164234234 1.048559864538636 1.0484447751982973 1.0482493739162504 1.0483338582041772 1.0483404610798193 1.0482423652769228 1.048326501979093 1.0484854485641812
1.041397241215611 1.041155226547872 1.0411814904353358 1.0411754730569747 1.0413170473144948 1.0413244190244753 1.041313859481435 1.0415083946666468 1.041190589752197 1.0409880647541991
1.0453195064943022 1.0453745575014153 1.045218346273526 1.0452910128326929 1.0452387751469188 1.045253068624244 1.0452273028665633 1.0453854574703734 1.0454700678332016 1.045271635459958
1.0294160254687195 1.0294838335476624 1.0296101210695219 1.0294525547198439 1.029497782420853 1.029407486362829 1.0295007850784341 1.0295760757917678 1.0292723748873762 1.0296092497180687
1.0397315768321664 1.0396142950459428 1.0397294578206344 1.0397317530725985 1.039580891031774 1.039560324232035 1.0396212566819047 1.039626183221722 1.0395227804248004 1.039369411992478
1.0317549444662169 1.031853219024408 1.031833335573452 1.0319217392147813 1.0318803755793966 1.0318549153423904 1.0318209195260775 1.0317569634702792 1.031895197184378 1.0318603490382585
1.0347999317803582 1.0348136010732247 1.034867462678172 1.0348349712612337 1.0348679178105173 1.0349900086653459 1.034954908763802 1.0348721248240924 1.0349713694836995 1.0349499564832814
1.0383463770278358 1.0381624236392961 1.038071543335145 1.0382604096871646 1.0381927256724863 1.0382191907971186 1.0381550990154387 1.0380040136373059 1.0383112685454408 1.038190487475909
1.0414372016811473 1.0412581135354009 1.041139052125632 1.041180410595158 1.0413604612348923 1.0413645458876848 1.0412734720603687 1.0412396380611033 1.0410926292699085 1.0413827802101514
1.041251583996363 1.0413528404642756 1.0413575459621884 1.0413135654583003 1.0413781599875431 1.0413699310169777 1.0413221612705545 1.0413971861400317 1.0412634095674564 1.0413538671597242


