1回目1.041550161494064
2回目1.0359217752067276
3回目1.0415676756373746
4回目1.0424153888211427
5回目1.0359427569354793
6回目1.0348159420915912
7回目1.0415530263325272
8回目1.0524029277120472
9回目1.03418854345428
10回目1.0397622970023135
11回目1.0374829710379738
12回目1.0459176780975503
13回目1.043062776059465
14回目1.0552074132008191
15回目1.0521992058586316
16回目1.0521107818814173
17回目1.0427401571020845
18回目1.0492868484418891
19回目1.034824743589611
20回目1.0619771539385385
21回目1.0361401263590364
22回目1.0418610032137674
23回目1.0336736121525383
24回目1.0497185605563975
25回目1.044876337694443
26回目1.0388061531877844
27回目1.0442754476880558
28回目1.0359835207193546
29回目1.046666272602014
30回目1.0262303924773017


each_result
1.041655849653867 1.0415912315069933 1.041643614293525 1.041413059478226 1.0414188149494628 1.0415436637530961 1.041665444746091 1.041593038625703 1.0415029978465034 1.0414739000871744
1.0360905841039345 1.0357768238128509 1.0358804657414429 1.0358733069488903 1.0359380998435075 1.0360043729781543 1.0360263107238434 1.0359359951103502 1.0357649799880873 1.0359268128162136
1.0415130122947769 1.041456880154345 1.0415932014269906 1.0415454971321907 1.0416788519367597 1.0416248248627777 1.041553077950412 1.041496628982591 1.04157204661772 1.0416427350151822
1.042396391870105 1.0424392250615009 1.0423228083749738 1.0424399644771254 1.0423771126960701 1.0425431165462382 1.0424330083193114 1.0423879138956562 1.0423700352339107 1.0424443117365356
1.0360113751810598 1.035957898904564 1.035939773644667 1.0360142619800077 1.0361227170725302 1.0357139619024878 1.0359463102893218 1.0358707488018928 1.0360590591535899 1.0357914624246716
1.0347711882463086 1.0348434946806047 1.0348102923513955 1.0348411742331818 1.0347714398602237 1.0348094166798987 1.0347425564473398 1.0348397702901528 1.0348441328438192 1.0348859552829874
1.0415045670857044 1.0416458100721773 1.041557118547857 1.041619098913913 1.0416494413963848 1.0414811461299898 1.0416171837996482 1.041386562889352 1.0414128534788163 1.0416564810114304
1.0522894264753602 1.0524056564902347 1.0524153498659068 1.0522791245865417 1.0522673566411027 1.0525993475609587 1.0524470147178722 1.052376192159658 1.0523992821215304 1.0525505265013064
1.0340561461717361 1.034237493168392 1.0342245423682308 1.0341137482046472 1.0341616984624464 1.0341662770244044 1.034128935579191 1.0343210471000541 1.0342214513657 1.0342540950979966
1.0397542591454976 1.0397558191143301 1.0396909374870964 1.0398536678772843 1.0397793576257788 1.039659266758756 1.0397872637118233 1.039808702833334 1.0398150806053639 1.0397186148638715
1.037533761091392 1.0374441307320659 1.0375679303279604 1.0376011132271796 1.0375127894670086 1.0373922998186114 1.0375207244293627 1.0373769306954224 1.037441024410116 1.0374390061806198
1.045878817212319 1.0459802928186086 1.0458892391535255 1.0458986688091059 1.045862948857468 1.0459682615678552 1.0456171132720706 1.0458827822982881 1.0460483474279765 1.0461503095582858
1.0430596309843816 1.0430481716555071 1.0432403400482588 1.0429143478983856 1.043041269791681 1.0430586445270809 1.0429452736713958 1.043035147974237 1.0431400429681246 1.0431448910755987
1.0553030149358125 1.055271474988539 1.0552829073116665 1.0551671610153677 1.0551944937237883 1.055192375499893 1.0551671449200544 1.055304054466321 1.055122545947366 1.0550689591993807
1.0521077283162061 1.0524400101935025 1.0521509384736585 1.0521867039150703 1.0523068693918938 1.0521508779858288 1.0521802155336868 1.0520839725497821 1.0521318899781804 1.0522528522485033
1.0521781164036357 1.0519575855657497 1.052162621201195 1.0519524565607699 1.052108675538908 1.0521963820745774 1.0521931437557734 1.0520013998704532 1.05210154624672 1.0522558915963898
1.0427151390522702 1.042656641752304 1.0428185340548117 1.0427340594857175 1.042781871880764 1.0428255007006646 1.042679109026244 1.042850310833639 1.042671775596354 1.0426686286380762
1.0490593085386273 1.0491186179113479 1.049147853862523 1.049231714039906 1.0493024768158292 1.0492771849163045 1.049412106286022 1.0494483547648232 1.0495674887798296 1.049303378503678
1.0347465744543896 1.0348145699197158 1.0349356125618059 1.0348390483846244 1.0347654594485503 1.0348634224970812 1.0346373812542016 1.0349385252039809 1.034847330864376 1.0348595113073855
1.0619247759703692 1.0620184171677203 1.0620254875118238 1.0621244858238499 1.0619961338891053 1.061854526017453 1.0619656297745723 1.061946345576797 1.061870080736753 1.0620456569169427
1.0362095020376958 1.0362126847528859 1.0361724387112623 1.0363882989225424 1.0360933312020455 1.036162320721699 1.0359746731851955 1.0360996544420857 1.0360645736477514 1.0360237859672004
1.0418779362661859 1.0418682756292585 1.0418085062649325 1.0419022208306217 1.0418907269914883 1.0418239029816427 1.0417198530392013 1.0419470813628928 1.041893164085424 1.041878364686027
1.0337990025544839 1.0335763248995242 1.0335166704308998 1.0337795081387595 1.033592028442724 1.033713571950146 1.03362422494648 1.0337726580131539 1.0336881475890034 1.0336739845602072
1.0496007726657595 1.0496609415101639 1.0497866802631917 1.0496090272746519 1.0496951504975116 1.0498090472123245 1.0497310589795064 1.0497668972609973 1.0497135309913523 1.049812498908516
1.0447380376510536 1.044793011414629 1.0448945580752322 1.0449826180833999 1.0448836988415142 1.0448762310895492 1.0449495974669663 1.044819150231944 1.045021845629803 1.0448046284603387
1.0389191755566545 1.0387332633077593 1.03879257048105 1.038886336270292 1.0387737715530205 1.0388595702117729 1.0387693081840377 1.0388288629006037 1.0386997823023971 1.038798891110256
1.0442468281201471 1.04441414854307 1.0440836912366336 1.0443876668831629 1.044339109659605 1.0441805647047846 1.0442497857119621 1.0442578571096333 1.0442370657644455 1.044357759147114
1.0358823359002431 1.0359301818608817 1.0360170364879797 1.035975238390637 1.0359317113661446 1.0359860438324258 1.0361157634759763 1.0359490227029475 1.0358250221712173 1.036222851005094
1.0464420358071076 1.0468628943343403 1.0466874656262528 1.0465995927500014 1.046575130778768 1.046808366422234 1.0467865283695417 1.0465802264525819 1.046712490915653 1.0466079945636586
1.0262913360041235 1.0261403869246661 1.0263015073830422 1.0262930706058297 1.0261682381431805 1.026280627770996 1.026237432913565 1.0261644360123436 1.026211166284777 1.0262157227304936


