1回目1.0264697269074188
2回目1.0183871319537465
3回目1.030098302088296
4回目1.042030795570518
5回目1.0346405932714207
6回目1.0392593333054514
7回目1.0291587211243387
8回目1.0335779642577687
9回目1.0310891337740093
10回目1.0362574055177047
11回目1.0387053607401078
12回目1.0342605279412278
13回目1.0272290937508994
14回目1.021336801018956
15回目1.0428162773225584
16回目1.0245390054299741
17回目1.0318689728563635
18回目1.037307175913038
19回目1.0178273560058595
20回目1.042805993290995
21回目1.0401075905214594
22回目1.055463334886321
23回目1.0333880168707161
24回目1.0259673630468853
25回目1.0307572239361
26回目1.0239330642225073
27回目1.0379837217058125
28回目1.0275019384669524
29回目1.034806510742238
30回目1.0264331222327527


each_result
1.0264454857916303 1.0263522994541565 1.0265225206108968 1.0264179530779596 1.026420536746329 1.0264640215180123 1.0265781630899014 1.0264880454932832 1.0265433319532997 1.0264649113387165
1.0183464975844185 1.018177072769619 1.0184788356702836 1.0185495543969552 1.0184431921128396 1.0183803246883565 1.0183683978298808 1.0184831276786441 1.018262304433398 1.0183820123730682
1.0300566426668678 1.0301577779911768 1.030129951083277 1.030094146648879 1.0300050659073354 1.0299772365109057 1.0302940060215342 1.0302737537210145 1.0301215407267503 1.02987289960522
1.0419618807008186 1.0419871025830498 1.0420228846120188 1.0419705439531641 1.042192705052597 1.041881002638174 1.0420461215575814 1.0421117670033615 1.0420341028640006 1.0420998447404133
1.0345587661347022 1.034701332956218 1.034703207521521 1.0347321522124158 1.0347396032212635 1.0344331277187317 1.0345592115402973 1.034732601559939 1.034697644426879 1.0345482854222403
1.0392048076457263 1.0391736879412246 1.0392509336343363 1.039059900172278 1.039227880083604 1.0394064406228103 1.0392863831294736 1.0396403670061531 1.0393479961155705 1.038994936703338
1.0290668929159879 1.029331944516106 1.0291485022962736 1.029272772024693 1.029250203206267 1.0289084005580305 1.0290163253618219 1.0291080913879005 1.0293933124743162 1.029090766501991
1.0333542303078929 1.0334646943178194 1.0337627088525643 1.0336423549639824 1.033469372583381 1.0335268187616748 1.0337148626967034 1.033550904358757 1.033914419149455 1.0333792765854568
1.0310864635759156 1.0310376128515573 1.03121247063355 1.031001050354609 1.0312041594380115 1.0309418187087527 1.0312497272678693 1.031071439437353 1.031136924653923 1.03094967081855
1.0363300885312077 1.036126495319083 1.0362979448299285 1.036296974472304 1.0361733729279994 1.0363067608343213 1.0362809491169696 1.0362354641257798 1.036424301703497 1.0361017033159592
1.0386001837773107 1.038790407814671 1.038555942887491 1.0387061085544025 1.0387791845925405 1.038650272579153 1.0388004497484187 1.0388035525829618 1.0387898014242387 1.0385777034398913
1.0342735112129509 1.0341846972662707 1.0343402422467662 1.0343475139459883 1.0340929262104663 1.034224564724808 1.0342396429168261 1.0344586996615592 1.0341567780789291 1.0342867031477148
1.0272640817132483 1.0272249123042483 1.0273575229090586 1.0269642086668067 1.027174917207649 1.0272465212775523 1.027394212185842 1.0272586522913791 1.0271414204333662 1.0272644885198412
1.0213221827983159 1.0211496851082393 1.021110588694941 1.021561915975318 1.021238875292965 1.0213823879521504 1.02122131230336 1.0215554431592497 1.0214493102597797 1.0213763086452432
1.0428836611769496 1.0427298065514934 1.0427434639363093 1.0429148663532246 1.0429523058857992 1.0427819618850622 1.0424880652016328 1.0430307166156538 1.0426894004115008 1.0429485252079604
1.024344118474981 1.0245306483005905 1.024528491403691 1.0244990621785768 1.0245809565139543 1.0246561354379762 1.024724576827242 1.0245857720364155 1.02446643886608 1.0244738542602319
1.0317622352321079 1.0318460316172433 1.0318335155664047 1.031997540685042 1.031776703652448 1.031908043320997 1.0318580634394592 1.0319595438738334 1.031815050645187 1.0319330005309126
1.0376290998496747 1.0373110208222047 1.0373214159807638 1.0373339800650618 1.0371489909886389 1.037261960695211 1.0373383499688589 1.0371713597255348 1.0373149985875625 1.0372405824468671
1.017672288343752 1.0178809457059508 1.017678514188942 1.0176948587287007 1.01797624712619 1.0179002847108785 1.017820810696414 1.0179942578269312 1.0179255117284434 1.0177298410023927
1.0427363913627141 1.0430093209628293 1.042643800373891 1.0425745897493466 1.0426864320315095 1.0429857470295572 1.0429155651450537 1.0427068578850205 1.0428650075645196 1.042936220805508
1.039941193671777 1.0399468611024238 1.0402032427527608 1.0403226610217822 1.039914378128618 1.0402261242240327 1.0403066391376292 1.0399939688632065 1.0400991516159444 1.040121684696419
1.0554216801229905 1.0550786618005932 1.0556518158914054 1.055348310134489 1.055607864465012 1.0554947765555656 1.0554197112655141 1.0555203513608034 1.0556760767105047 1.0554141005563311
1.0334006040378803 1.0332540756150055 1.0332912255941273 1.0335474774423432 1.0332943508156058 1.0333514092153655 1.0335414610949378 1.0335115953407013 1.0333568940605635 1.0333310754906309
1.0259279604144595 1.0261195867236084 1.0260164510769658 1.0260060691879624 1.0262434557174636 1.0259192044655854 1.0259735074876248 1.0259612105063312 1.0257745522746293 1.0257316326142203
1.0308218074418 1.0307828191847286 1.0306592492150923 1.0307426423088386 1.03086307434072 1.0305815185582095 1.030874798562048 1.030659673997222 1.0310193051483056 1.0305673506040363
1.0238908895946415 1.024163617675612 1.0240605953298405 1.0238516646913391 1.0238351305777555 1.0240886136911715 1.023827864594761 1.0238331044249696 1.023999973665869 1.0237791879791143
1.0381438905916587 1.0378513503862812 1.0380712637157263 1.0380142059831554 1.0381046102082823 1.038177023755701 1.037978256537366 1.037892958816289 1.0378602733674402 1.037743383696225
1.0277409869799587 1.0271454550657992 1.0274689544718434 1.0275096288960843 1.0275639350684638 1.0275145252281037 1.0274011708768578 1.0275251925299507 1.027578925901942 1.0275706096505186
1.0347946498948877 1.0346721054949548 1.0348715099377508 1.035067782606958 1.0347839842160975 1.034786241932103 1.034600833065336 1.0349434484186382 1.034736602228335 1.034807949627316
1.0264699614221982 1.0263592257364809 1.0265007349480395 1.0264465742395454 1.0264568619167473 1.026460199469506 1.026275746141173 1.0265591298182526 1.0264041837801812 1.026398604855403


