1回目1.0350922267163425
2回目1.0396227810635668
3回目1.0376235689669913
4回目1.0352898244326487
5回目1.0428249870566757
6回目1.0394807096409326
7回目1.0408216833655661
8回目1.0327884954699127
9回目1.027478676045639
10回目1.0362946384457719
11回目1.040965300523229
12回目1.0322361705797185
13回目1.0319365285794322
14回目1.0362870381623783
15回目1.034703305808031
16回目1.028226427790731
17回目1.0342477457244525
18回目1.046417613887439
19回目1.0320824546991074
20回目1.035922255247527
21回目1.0372611358046917
22回目1.0381515716057845
23回目1.0363152796981763
24回目1.0300740023484902
25回目1.0414838253263294
26回目1.0367364311449747
27回目1.0291678850911095
28回目1.0404765641508822
29回目1.0288966076909396
30回目1.038044112297069


each_result
1.0352894258552312 1.034987058457007 1.0350423738473682 1.0351169380985596 1.0349671873014012 1.0351241272523275 1.0351165840115601 1.035073033741054 1.0351525389947245 1.0350529996041924
1.0396123855756605 1.039595659189377 1.0394824659132862 1.0395729780903369 1.039625257720918 1.039776886087479 1.0395764752435175 1.0397462992281092 1.0395622468213066 1.0396771567656766
1.0376586267496088 1.0375499243776662 1.0376580256614913 1.0375981693989784 1.0376159895170187 1.0377281108944358 1.0377189699240899 1.037489047192156 1.0375682958764412 1.0376505300780225
1.0351983904440545 1.0354354377437716 1.0353372444814475 1.0355043696732695 1.0351668639102762 1.0351699775989536 1.035276200795823 1.0353355838293232 1.035191649193795 1.035282526655774
1.0428909188605748 1.0427632647958385 1.0428057113632134 1.0428082661902816 1.0428329386725315 1.0427367690187639 1.0427888574018411 1.0429199685263129 1.042998566580206 1.0427046091571948
1.0394889576645412 1.039683474696745 1.0392954685839113 1.0395051474952404 1.0394900341716122 1.0394855436373194 1.0395264431761002 1.039441159207135 1.0394902286935908 1.0394006390831327
1.0407528787208222 1.0407731283157282 1.0409275079366485 1.0407561981396212 1.0408591736223871 1.0409877127332123 1.0409162009081447 1.0408626835376698 1.0407643055070228 1.0406170442344045
1.0326481633152493 1.0330052739896722 1.0327762762336126 1.032784709946937 1.0330838486885285 1.0327430108884832 1.0325699310795804 1.0328223881638692 1.032751107875827 1.0327002445173696
1.0275869287018486 1.0275275289922692 1.0274298325085969 1.0274619317027716 1.027339675810918 1.0274487719230694 1.0275776668954137 1.0275640524311378 1.0273562043139706 1.0274941671763953
1.0364284738783034 1.0362770641805812 1.0364019892924368 1.0364017344578182 1.0361217561875746 1.036338410877755 1.03639399494737 1.036198736784264 1.0362942165653533 1.03609000728626
1.0408844796714958 1.040838546391813 1.0410544251396765 1.0410280113174994 1.041018243743531 1.0409979270359828 1.0410066118534718 1.0409856506317312 1.0408456112042148 1.0409934982428741
1.0323193632199603 1.0323268342173528 1.032278079464982 1.0322382529568173 1.0321423788615454 1.0323665310047934 1.0323446915732166 1.0321097676820534 1.0322306383556024 1.0320051684608627
1.0318393179251948 1.03177265066083 1.0319439530165198 1.0319671848534113 1.031926140474736 1.0320581325134872 1.0318981001193674 1.0319399379208318 1.031931610893281 1.0320882574166617
1.0362201425300086 1.0364228581642625 1.0362673162233655 1.0361532391029902 1.036271387818057 1.0363086809520845 1.03632194621122 1.0363109728170485 1.036294928105711 1.036298909699032
1.0347269744532939 1.034791299772374 1.0346907272711978 1.0347738305522123 1.0347922418749944 1.0346680526928582 1.0346952970545311 1.0345769089215244 1.0347575736235424 1.0345601518637813
1.028218988012161 1.0282348790861893 1.0281207063234634 1.0281956782516835 1.0283444995865747 1.0282054922500807 1.0281087509206894 1.0281509445837202 1.0283534357864932 1.0283309031062553
1.0340670444767643 1.0342938877102144 1.0341493904965404 1.0344866287160275 1.0342141880367803 1.034241459981285 1.0341675027383008 1.0343461138430043 1.0342616534530762 1.0342495877925333
1.0464380709936707 1.046274088172256 1.0462745983982036 1.0463066893663562 1.0466264097059133 1.046295671412674 1.046618593403831 1.0464463201082166 1.0466186511832536 1.0462770461300144
1.0318477913621689 1.0322414054070852 1.0319354412953459 1.032154235489755 1.0321400509226106 1.0320756792171608 1.0319763959633188 1.0321067184971895 1.03226902718969 1.0320778016467504
1.0359168688362999 1.0359557382979516 1.0358531708174894 1.0359765582162548 1.0360198859635128 1.0359895433841053 1.036006778942177 1.0359676260056496 1.0357189212233968 1.0358174607884298
1.037000387468375 1.0372402571998678 1.037222945170534 1.037306460785855 1.037532798411732 1.0373920459556698 1.0373518313465586 1.0372997945329283 1.0371769571385792 1.0370878800368184
1.0382051697791141 1.0381819554129152 1.0381633496165972 1.0382514724626313 1.038086187413012 1.0380604915860814 1.038180378703159 1.038238226575289 1.038075356234474 1.0380731282745694
1.0363124598942026 1.0361656820467777 1.0363101901088323 1.0362937586934668 1.0365091156060038 1.0364930940297619 1.0361603733903746 1.0363519404758783 1.0363372081323077 1.0362189746041588
1.029996677181469 1.0301095260208775 1.0300166127063426 1.0300720154770298 1.0301184590591406 1.0301553231510552 1.0300992319082174 1.03008589624157 1.030071372022207 1.0300149097169942
1.0416708064697955 1.0414819918809892 1.0414885849489035 1.0413673640330763 1.0414562556693014 1.041353074777456 1.0413693867398301 1.0417389094274305 1.0411074339811404 1.0418044453353705
1.0367807299413345 1.0368322837314887 1.036544871495271 1.0367686703932102 1.0369479371512318 1.0367508138638195 1.0365525308245378 1.0366165710966642 1.0366734349047777 1.0368964680474129
1.028992486916476 1.0291195815116287 1.0291868008607932 1.0292447817164698 1.0291617344913775 1.0291479802751986 1.029166659418412 1.0290533676462528 1.029230088854544 1.0293753692199452
1.0405790723657298 1.0404723989346965 1.0403939492638392 1.0405497936019283 1.040509926781452 1.0404146380680066 1.04036884330845 1.0404737052182191 1.04048265574696 1.0405206582195419
1.0289025322753333 1.0287315434105961 1.028862593179255 1.0289957712991065 1.0288813112187976 1.02888867694982 1.0289195099970703 1.029033347035186 1.0287477484293828 1.0290030431148485
1.0379874503985203 1.0380618813013986 1.037981714982079 1.0380633695241483 1.0379997006595205 1.0380701668721353 1.0382064987968718 1.0380564138516657 1.0380927792358008 1.0379211473485497


