1回目1.0433244550249632
2回目1.036377856685536
3回目1.0346852098033357
4回目1.0324053359661598
5回目1.0223501187282362
6回目1.0243839241008303
7回目1.0423112989588266
8回目1.035313121828007
9回目1.0267764261182015
10回目1.042716822337645
11回目1.0448161146867436
12回目1.0472552071699013
13回目1.039335522838542
14回目1.0692726795496714
15回目1.0367155908654702
16回目1.0459905748308884
17回目1.0264083251203575
18回目1.0363097831980939
19回目1.0440456439088355
20回目1.041587161365877
21回目1.0370285867645033
22回目1.0305742158289177
23回目1.0351569611223388
24回目1.0434489275536936
25回目1.031600275826809
26回目1.0397004837360266
27回目1.030152463572206
28回目1.035046519916053
29回目1.0513074769548547
30回目1.0503024072971017


each_result
1.043352598381328 1.0434337915207612 1.0433176397353587 1.0434205222111301 1.0431739622516985 1.0432142633203145 1.0433367114580878 1.0432670971463227 1.0434210031787843 1.043306961045845
1.036415365438913 1.036527928942002 1.0363499669729632 1.0364060434353748 1.0363967969898567 1.0363885033363829 1.0364326527744652 1.0362877097045853 1.0363928661315238 1.0361807331292943
1.0345702896319147 1.0347082012966164 1.0348015398933061 1.0346328487288852 1.0346312507980018 1.0346471603433955 1.0347962421241055 1.0348011408672397 1.034709549906928 1.0345538744429639
1.0324039190624195 1.0324343323774816 1.032355780135079 1.0324020077281015 1.0323620535380653 1.0325243831828297 1.0324117637949597 1.0322703840639451 1.0323843216978308 1.0325044140808841
1.0221660222768105 1.0223455660758682 1.0222553412525737 1.0223481193035708 1.0224143120249618 1.0222084757167647 1.0225745048815535 1.0223813955672463 1.0222863549325283 1.0225210952504844
1.024399594039014 1.0241931848672572 1.024408616361516 1.0244556057931464 1.024417180463034 1.0244165564583247 1.0244262229051944 1.0243687646323887 1.0244233864645078 1.0243301290239204
1.0423034405947222 1.0421211118261209 1.0422593907055322 1.042368244563951 1.042382255679384 1.0423182282675585 1.0422942879925328 1.042449202899915 1.0422721256489835 1.0423447014095653
1.0354596820901854 1.0352092799910397 1.0352757078973158 1.0353200458294591 1.0353764345273009 1.0352358110649365 1.0353154367338069 1.0352553913972609 1.0352963165644804 1.035387112184283
1.0269035503958261 1.026873187206228 1.026810134930412 1.0267145687738035 1.0268072785497577 1.026782832900043 1.026717512847465 1.0267263932603827 1.0267129266721344 1.0267158756459618
1.0426356335317282 1.0426539959842531 1.0425763194020539 1.0426140472216527 1.0427645202072993 1.0428169771741302 1.0429132865821829 1.0428148683138956 1.0427748272870865 1.0426037476721675
1.0447309813978376 1.0448264216766634 1.044870177977979 1.0447409167299966 1.044768201759773 1.0448856077670423 1.0448770340057933 1.044945227857366 1.0447275655734578 1.044789012121527
1.0472276562110243 1.0472050266816133 1.0473218805485498 1.0472145689290957 1.047442563131532 1.047154801065913 1.04721402930141 1.0473526022010755 1.0472135276330528 1.0472054159957467
1.0392155076053011 1.0394584763248438 1.0392625376648483 1.0393885791945365 1.0390722738868756 1.0395066126103294 1.03939334119992 1.039376967618433 1.0392692221439093 1.0394117101364224
1.0692428524831317 1.06920812096599 1.0694385282710448 1.069262430568403 1.0692307502463057 1.0691451731730672 1.0692781493086134 1.0691356152229143 1.0693576597480436 1.0694275155092008
1.0366738991629578 1.0368963915230947 1.0366607951673634 1.0367780644067286 1.0368052981428821 1.0366741090226146 1.036738776060192 1.0366981081337683 1.0366708664287296 1.0365596006063702
1.0457810877056668 1.0460824876657668 1.0461206668267224 1.0459539948510952 1.0460801488050955 1.0460149673415176 1.046073791776752 1.0458771260565891 1.0458693841086164 1.0460520931710633
1.0264808678752337 1.0263722170339955 1.026463619766572 1.0263945269925963 1.0265374446287567 1.0263772397625186 1.0262616738927925 1.0264072140985654 1.0263174189742814 1.0264710281782627
1.036305179055652 1.0363383699999345 1.0362245541421538 1.0363985475616508 1.0364063243203598 1.036317338707522 1.0363101882673067 1.036233545471987 1.0361875179644735 1.0363762664898988
1.0439324148207123 1.0440709925362592 1.0440399630302213 1.0439710155744204 1.044283273116911 1.0442270310898614 1.0441447367201215 1.0437805058563596 1.0441036107928277 1.043902895550661
1.0415350939576062 1.041641834923329 1.0415201057972094 1.0416533672228887 1.0415487992623884 1.041577162743287 1.0414922622464686 1.041659122488038 1.0415651186766202 1.041678746340933
1.0370784270377402 1.0368127375499585 1.0370659485505755 1.0372084068808616 1.0370979048758926 1.037030850483569 1.0370209159102957 1.03719987306935 1.0369765181986008 1.0367942850881882
1.0304517205326105 1.0307028802200202 1.0305170937757666 1.030514343641691 1.030729350744174 1.0304992214433053 1.0305457208260553 1.0306692389005152 1.030576033170414 1.030536555034626
1.0352190521459759 1.034994905852206 1.0353870730787853 1.0352872251234189 1.0350871392436019 1.0352624655094738 1.0350648370999693 1.035054151427541 1.0351158491295724 1.0350969126128435
1.0433641561028197 1.04316928280924 1.0434113398228817 1.043765346962819 1.043528059545667 1.0434337809152079 1.0435432309422046 1.0434422887383379 1.043309450722069 1.043522338975688
1.031648292177957 1.0316728645683368 1.0314323135632124 1.0314729191711984 1.03153134687944 1.0317193320365134 1.0316962493521715 1.0316403656928508 1.0315222776315187 1.0316667971948914
1.0398513083211016 1.039717496549504 1.039722476351436 1.0397798134729739 1.039703072734239 1.0396114795620521 1.0395480212808648 1.039855152263176 1.0396929410535163 1.0395230757714016
1.0302963848980529 1.0303130002835104 1.0301382714615301 1.0301444373665174 1.0300198734596475 1.0299787629094013 1.0299578486095005 1.0301012393276674 1.0303272532549077 1.0302475641513216
1.0350987257274793 1.0349989980498324 1.0351804477940767 1.0350303662058995 1.0350551890263657 1.0350596273147117 1.035045449280456 1.0350880131747657 1.034993875599326 1.034914506987617
1.0511625733551682 1.051282413120002 1.0514721697024363 1.051331458399552 1.051299243772256 1.051300994373728 1.0513188322290332 1.0512733139980464 1.0512734648000708 1.0513603057982546
1.0502058818367646 1.0502639723666343 1.0502688104230347 1.0502863160881737 1.0501817455750426 1.0503509101870299 1.0501590931911537 1.0505157216684666 1.0504056385158342 1.0503859831188842


