1回目1.03443854781665
2回目1.050331172454381
3回目1.0361490565773006
4回目1.0327136745553016
5回目1.029383038065793
6回目1.0393203963485764
7回目1.0242362615553446
8回目1.0269906194849354
9回目1.0374477621802556
10回目1.0493647440616578
11回目1.0355154097806714
12回目1.0370045277508269
13回目1.0435855073328664
14回目1.0289519345507117
15回目1.0521521047420799
16回目1.03991455292605
17回目1.0398168722409165
18回目1.0367432151337472
19回目1.0475157595856115
20回目1.0420183067895505
21回目1.0436630646569756
22回目1.0390104641648805
23回目1.0401641571435287
24回目1.0459017758160405
25回目1.0450199394447592
26回目1.0498496840566482
27回目1.0346739424313036
28回目1.046889609152505
29回目1.0365257330901507
30回目1.0389211292436815


each_result
1.0344205803508557 1.0342805896740006 1.0344427253048978 1.0343979693009122 1.0344032200021938 1.0344285837831753 1.034556874421442 1.0343112098608738 1.0346728690740292 1.034470856394119
1.05037256461316 1.0501171238091023 1.0503274929545445 1.050243042378803 1.050420428974131 1.0503918261266052 1.050351200105773 1.0503674913593841 1.0504686363989557 1.0502519178233514
1.0358850769494063 1.0361101075331436 1.0361481372494519 1.0362051939046155 1.0361412769326332 1.0361690624071063 1.0362467140083065 1.036318689590869 1.0360935926758108 1.0361727145216604
1.0326472281035681 1.032803821615545 1.0327720619693073 1.0327524754513597 1.03249725974595 1.0327064636637917 1.032615172887742 1.0329499357749221 1.0327625959324267 1.0326297304084016
1.0294978807910884 1.0294200972918246 1.0293566592578334 1.0293774358070342 1.0294028263060537 1.029375015865858 1.0293388538626962 1.0293740542663972 1.0294113385980064 1.0292762186111357
1.0391743142918097 1.0391985283199123 1.0394352197595746 1.0394219924692822 1.039319019334918 1.0392439434181797 1.0392551892700865 1.039348627628531 1.0394657703983623 1.039341358595107
1.0242488416200977 1.0242376011078778 1.0243351351492802 1.0241815930670763 1.0242716758256172 1.0241683284637677 1.0242309221474137 1.024316464942644 1.0241296241326685 1.024242429097005
1.02681296700037 1.0269289316116095 1.0270123622581464 1.027032449803001 1.0270380145078226 1.027054782821302 1.0271047129471746 1.0270225943622568 1.0270611552541804 1.026838224283491
1.037402410660107 1.0374151669398197 1.0375151777489982 1.037585400912198 1.0375296002380188 1.0373512880846278 1.0374593787563235 1.0374941910178879 1.0373338251205704 1.0373911823240067
1.0492544374419683 1.0494310170950936 1.0493883494584915 1.0493158741664186 1.0493298708620693 1.049443275409401 1.0493022189548835 1.0493984022784042 1.049355197908209 1.0494287970416412
1.0355820308128438 1.0354117648368908 1.035578966406663 1.035571456691415 1.0354957456159088 1.0355296869519721 1.0354861409784695 1.0355880954377825 1.035495253026074 1.0354149570486963
1.0370040996929104 1.0369711098671845 1.0370094752149175 1.0370320107071074 1.0367947056520785 1.0370243201893075 1.0371070484523768 1.0370914097424297 1.0369080745579444 1.0371030234320093
1.0436850855565054 1.043556656530721 1.043336360757077 1.0438110679044206 1.0433960929207025 1.0433763655037605 1.0436908990519826 1.0436714190121754 1.0436867280388662 1.043644398052452
1.0290106700774961 1.029041506881263 1.0288811831798084 1.0290473727899694 1.0287645615755536 1.0289545878182687 1.0289538502936182 1.0290285213133687 1.0289574909535262 1.0288796006242444
1.0522632681093613 1.0521397505123409 1.0522201619632283 1.0521136207489263 1.0520643478666614 1.0521459760217466 1.0522083295291362 1.052179261585492 1.0521167522075676 1.0520695788763408
1.040007592187351 1.0398968647499078 1.039997966423862 1.0398628418159392 1.0400465708184912 1.0397467881952587 1.0398738004555212 1.0398921689072698 1.0399436661322141 1.039877269574686
1.0397038844018534 1.039661681697206 1.0399027579035895 1.0399246009723813 1.039868691895705 1.0399521413700166 1.039868263042612 1.0396324552405258 1.0397562314170643 1.0398980144682104
1.0367596141429103 1.0366813668657155 1.0366123007221115 1.0368425956461487 1.03659834667801 1.0367893464020377 1.0369943255995198 1.0365162849971397 1.0368875677320355 1.036750402551842
1.0474995821285962 1.0475736693274529 1.0475933280486942 1.0474122356509898 1.0474955982275735 1.0474309284560561 1.047578764680014 1.0476120937687257 1.0474214173616971 1.047539978206317
1.0418234451939794 1.0420690513841218 1.042128174409992 1.041955165015344 1.0420493447701933 1.042111410963522 1.0418591377572106 1.0421441925708486 1.041986409462695 1.042056736367601
1.0436530292227286 1.0435181997173502 1.0435976254369355 1.0437525168231847 1.0438140203894408 1.0436694634454666 1.0436621508195925 1.04372302048793 1.0436504903157133 1.0435901299114139
1.0390092388171408 1.0389547050018295 1.0389917551915864 1.039065963369332 1.0389980975938469 1.0390068512218946 1.0391458772056876 1.0389221519591902 1.0389974270609499 1.0390125742273455
1.040174401343447 1.0400911172593708 1.0404428367858267 1.0400249201655452 1.0402871799439741 1.0400247951155341 1.0398533319959231 1.0401130445381757 1.040367771587569 1.040262172699922
1.04590490976085 1.0459106115684396 1.045971355503648 1.046069940318953 1.0457563262965024 1.0456511535111839 1.0458084109475378 1.045910476339945 1.045978976874896 1.04605559703845
1.0449783092134148 1.0450223076824605 1.0451192456137743 1.0450379636473899 1.0448163478561627 1.044864313857597 1.0451687665811957 1.0449963300697813 1.0452468107781332 1.0449489991476832
1.049802098833689 1.049904920808686 1.0497686792909535 1.0497496469687329 1.0499343101759095 1.0499706783679574 1.04984563885892 1.0498259716207308 1.0498532255500543 1.0498416700908506
1.0347142256478998 1.0346640548462223 1.0346813942032966 1.0345616599765557 1.0347640310223654 1.0346956306434272 1.0344529707649137 1.0348453941217473 1.0346464182439645 1.0347136448426428
1.0469782363613804 1.046780908430561 1.047093695749747 1.0468361220103046 1.046772790268922 1.046797659878399 1.0469819888927143 1.046999540298541 1.0468503124311783 1.0468048372033028
1.0365716762407502 1.0364298929974263 1.0364343848906146 1.0364723694568987 1.0364998567065018 1.0364294197437944 1.036634692127293 1.0364527961128471 1.0365143449980492 1.036817897627333
1.0389822535354978 1.0388068655582192 1.0390269388431377 1.03884654859755 1.0389780239318818 1.038963559144121 1.0390800609380013 1.0389755463066443 1.0388071447786882 1.0387443508030736


